# Tlab     phaseshift
  0.000     0.00000  
  0.005    0.00000
  0.010    0.00000
  0.015    0.00000
  0.020    0.00000
  0.040    0.00000
  0.060    0.00000
  0.080    0.00000
  0.100    0.00000
  0.120    0.00000
  0.140    0.00000
  0.160    0.00000
  0.180    0.00000
  0.200    0.00000
  0.220    0.00000
  0.240    0.00000
  0.260    0.00000
  0.280    0.00000
  0.300    0.00000
  0.320    0.00000
  0.340    0.00000
  0.360    0.00000
  0.380    0.00000
  0.400    0.00000
  0.420    0.00000
  0.440    0.00000
  0.460    0.00000
  0.480    0.00000
  0.500     0.00021  
  1.000     0.00112  
  1.500     0.00292  
  2.000     0.00566  
  2.500     0.00938  
  3.000     0.01404  
  3.500     0.02007  
  4.000     0.02610  
  4.500     0.03380  
  5.000     0.04150  
  5.500     0.05070  
  6.000     0.05989  
  6.500     0.07040  
  7.000     0.08091  
  7.500     0.09258  
  8.000     0.10424  
  8.500     0.11691  
  9.000     0.12959  
  9.500     0.14315  
 10.000     0.15671  
 10.500     0.17119  
 11.000     0.18607  
 11.500     0.20061  
 12.000     0.21543  
 12.500     0.23116  
 13.000     0.24722  
 13.500     0.26301  
 14.000     0.27901  
 14.500     0.29573  
 15.000     0.31272  
 15.500     0.32948  
 16.000     0.34642  
 16.500     0.36393  
 17.000     0.38165  
 17.500     0.39920  
 18.000     0.41688  
 18.500     0.43504  
 19.000     0.45336  
 19.500     0.47154  
 20.000     0.48984  
 20.500     0.50852  
 21.000     0.52734  
 21.500     0.54604  
 22.000     0.56484  
 22.500     0.58396  
 23.000     0.60321  
 23.500     0.62237  
 24.000     0.64158  
 24.500     0.66098  
 25.000     0.68051  
 25.500     0.70010  
 26.000     0.71979  
 26.500     0.73964  
 27.000     0.75953  
 27.500     0.77936  
 28.000     0.79927  
 28.500     0.81939  
 29.000     0.83957  
 29.500     0.85966  
 30.000     0.87987  
 30.500     0.90035  
 31.000     0.92098  
 31.500     0.94156  
 32.000     0.96209  
 32.500     0.98264  
 33.000     1.00321  
 33.500     1.02379  
 34.000     1.04432  
 34.500     1.06480  
 35.000     1.08544  
 35.500     1.10639  
 36.000     1.12749  
 36.500     1.14853  
 37.000     1.16954  
 37.500     1.19055  
 38.000     1.21159  
 38.500     1.23263  
 39.000     1.25364  
 39.500     1.27461  
 40.000     1.29569  
 40.500     1.31702  
 41.000     1.33846  
 41.500     1.35986  
 42.000     1.38123  
 42.500     1.40261  
 43.000     1.42400  
 43.500     1.44539  
 44.000     1.46677  
 44.500     1.48811  
 45.000     1.50954  
 45.500     1.53115  
 46.000     1.55285  
 46.500     1.57452  
 47.000     1.59616  
 47.500     1.61781  
 48.000     1.63947  
 48.500     1.66114  
 49.000     1.68278  
 49.500     1.70441  
 50.000     1.72609  
 50.500     1.74791  
 51.000     1.76980  
 51.500     1.79165  
 52.000     1.81350  
 52.500     1.83534  
 53.000     1.85720  
 53.500     1.87905  
 54.000     1.90090  
 54.500     1.92273  
 55.000     1.94460  
 55.500     1.96656  
 56.000     1.98855  
 56.500     2.01053  
 57.000     2.03250  
 57.500     2.05448  
 58.000     2.07645  
 58.500     2.09843  
 59.000     2.12040  
 59.500     2.14237  
 60.000     2.16435  
 60.500     2.18638  
 61.000     2.20842  
 61.500     2.23046  
 62.000     2.25249  
 62.500     2.27453  
 63.000     2.29656  
 63.500     2.31860  
 64.000     2.34063  
 64.500     2.36266  
 65.000     2.38470  
 65.500     2.40673  
 66.000     2.42876  
 66.500     2.45079  
 67.000     2.47282  
 67.500     2.49486  
 68.000     2.51689  
 68.500     2.53892  
 69.000     2.56095  
 69.500     2.58299  
 70.000     2.60502  
 70.500     2.62700  
 71.000     2.64896  
 71.500     2.67093  
 72.000     2.69290  
 72.500     2.71488  
 73.000     2.73685  
 73.500     2.75881  
 74.000     2.78079  
 74.500     2.80278  
 75.000     2.82473  
 75.500     2.84661  
 76.000     2.86844  
 76.500     2.89030  
 77.000     2.91216  
 77.500     2.93402  
 78.000     2.95587  
 78.500     2.97773  
 79.000     2.99959  
 79.500     3.02147  
 80.000     3.04331  
 80.500     3.06503  
 81.000     3.08669  
 81.500     3.10838  
 82.000     3.13008  
 82.500     3.15178  
 83.000     3.17347  
 83.500     3.19515  
 84.000     3.21686  
 84.500     3.23858  
 85.000     3.26024  
 85.500     3.28176  
 86.000     3.30322  
 86.500     3.32469  
 87.000     3.34619  
 87.500     3.36768  
 88.000     3.38916  
 88.500     3.41063  
 89.000     3.43213  
 89.500     3.45366  
 90.000     3.47510  
 90.500     3.49638  
 91.000     3.51758  
 91.500     3.53880  
 92.000     3.56005  
 92.500     3.58129  
 93.000     3.60252  
 93.500     3.62375  
 94.000     3.64500  
 94.500     3.66628  
 95.000     3.68747  
 95.500     3.70847  
 96.000     3.72938  
 96.500     3.75032  
 97.000     3.77128  
 97.500     3.79224  
 98.000     3.81319  
 98.500     3.83413  
 99.000     3.85509  
 99.500     3.87610  
100.000     3.89700  
100.500     3.91767  
101.000     3.93814  
101.500     3.95851  
102.000     3.97887  
102.500     3.99928  
103.000     4.01974  
103.500     4.04023  
104.000     4.06073  
104.500     4.08122  
105.000     4.10169  
105.500     4.12215  
106.000     4.14260  
106.500     4.16303  
107.000     4.18346  
107.500     4.20393  
108.000     4.22446  
108.500     4.24505  
109.000     4.26562  
109.500     4.28608  
110.000     4.30633  
110.500     4.32629  
111.000     4.34604  
111.500     4.36567  
112.000     4.38528  
112.500     4.40496  
113.000     4.42470  
113.500     4.44447  
114.000     4.46424  
114.500     4.48401  
115.000     4.50376  
115.500     4.52349  
116.000     4.54320  
116.500     4.56290  
117.000     4.58261  
117.500     4.60235  
118.000     4.62216  
118.500     4.64204  
119.000     4.66189  
119.500     4.68162  
120.000     4.70112  
120.500     4.72031  
121.000     4.73927  
121.500     4.75810  
122.000     4.77692  
122.500     4.79580  
123.000     4.81474  
123.500     4.83372  
124.000     4.85271  
124.500     4.87169  
125.000     4.89065  
125.500     4.90959  
126.000     4.92851  
126.500     4.94742  
127.000     4.96634  
127.500     4.98529  
128.000     5.00431  
128.500     5.02340  
129.000     5.04247  
129.500     5.06141  
130.000     5.08011  
130.500     5.09848  
131.000     5.11662  
131.500     5.13462  
132.000     5.15261  
132.500     5.17066  
133.000     5.18878  
133.500     5.20694  
134.000     5.22511  
134.500     5.24326  
135.000     5.26139  
135.500     5.27951  
136.000     5.29760  
136.500     5.31569  
137.000     5.33378  
137.500     5.35191  
138.000     5.37010  
138.500     5.38837  
139.000     5.40662  
139.500     5.42473  
140.000     5.44260  
140.500     5.46015  
141.000     5.47745  
141.500     5.49462  
142.000     5.51177  
142.500     5.52899  
143.000     5.54628  
143.500     5.56361  
144.000     5.58094  
144.500     5.59826  
145.000     5.61557  
145.500     5.63285  
146.000     5.65011  
146.500     5.66736  
147.000     5.68463  
147.500     5.70192  
148.000     5.71929  
148.500     5.73672  
149.000     5.75413  
149.500     5.77141  
150.000     5.78845  
150.500     5.80518  
151.000     5.82166  
151.500     5.83802  
152.000     5.85435  
152.500     5.87076  
153.000     5.88723  
153.500     5.90374  
154.000     5.92025  
154.500     5.93675  
155.000     5.95324  
155.500     5.96970  
156.000     5.98615  
156.500     6.00259  
157.000     6.01903  
157.500     6.03547  
158.000     6.05194  
158.500     6.06845  
159.000     6.08500  
159.500     6.10157  
160.000     6.11795  
160.500     6.13395  
161.000     6.14966  
161.500     6.16519  
162.000     6.18071  
162.500     6.19631  
163.000     6.21200  
163.500     6.22773  
164.000     6.24347  
164.500     6.25919  
165.000     6.27489  
165.500     6.29057  
166.000     6.30623  
166.500     6.32188  
167.000     6.33754  
167.500     6.35324  
168.000     6.36899  
168.500     6.38481  
169.000     6.40060  
169.500     6.41629  
170.000     6.43175  
170.500     6.44693  
171.000     6.46189  
171.500     6.47673  
172.000     6.49156  
172.500     6.50645  
173.000     6.52140  
173.500     6.53638  
174.000     6.55137  
174.500     6.56635  
175.000     6.58131  
175.500     6.59626  
176.000     6.61119  
176.500     6.62610  
177.000     6.64103  
177.500     6.65599  
178.000     6.67100  
178.500     6.68607  
179.000     6.70112  
179.500     6.71607  
180.000     6.73081  
180.500     6.74529  
181.000     6.75958  
181.500     6.77375  
182.000     6.78791  
182.500     6.80213  
183.000     6.81640  
183.500     6.83071  
184.000     6.84502  
184.500     6.85931  
185.000     6.87360  
185.500     6.88786  
186.000     6.90212  
186.500     6.91636  
187.000     6.93061  
187.500     6.94489  
188.000     6.95922  
188.500     6.97360  
189.000     6.98796  
189.500     7.00223  
190.000     7.01632  
190.500     7.03017  
191.000     7.04384  
191.500     7.05742  
192.000     7.07098  
192.500     7.08460  
193.000     7.09826  
193.500     7.11195  
194.000     7.12564  
194.500     7.13933  
195.000     7.15300  
195.500     7.16665  
196.000     7.18030  
196.500     7.19395  
197.000     7.20760  
197.500     7.22127  
198.000     7.23497  
198.500     7.24869  
199.000     7.26240  
199.500     7.27606  
200.000     7.28963  
200.500     7.30306  
201.000     7.31638  
201.500     7.32959  
202.000     7.34272  
202.500     7.35579  
203.000     7.36882  
203.500     7.38183  
204.000     7.39483  
204.500     7.40786  
205.000     7.42092  
205.500     7.43404  
206.000     7.44720  
206.500     7.46039  
207.000     7.47359  
207.500     7.48679  
208.000     7.49997  
208.500     7.51312  
209.000     7.52622  
209.500     7.53926  
210.000     7.55222  
210.500     7.56509  
211.000     7.57788  
211.500     7.59060  
212.000     7.60327  
212.500     7.61590  
213.000     7.62851  
213.500     7.64110  
214.000     7.65369  
214.500     7.66630  
215.000     7.67894  
215.500     7.69161  
216.000     7.70432  
216.500     7.71705  
217.000     7.72978  
217.500     7.74250  
218.000     7.75521  
218.500     7.76790  
219.000     7.78054  
219.500     7.79313  
220.000     7.80565  
220.500     7.81811  
221.000     7.83050  
221.500     7.84283  
222.000     7.85513  
222.500     7.86739  
223.000     7.87963  
223.500     7.89186  
224.000     7.90409  
224.500     7.91633  
225.000     7.92860  
225.500     7.94090  
226.000     7.95322  
226.500     7.96555  
227.000     7.97789  
227.500     7.99023  
228.000     8.00256  
228.500     8.01486  
229.000     8.02713  
229.500     8.03936  
230.000     8.05154  
230.500     8.06367  
231.000     8.07574  
231.500     8.08777  
232.000     8.09977  
232.500     8.11174  
233.000     8.12370  
233.500     8.13565  
234.000     8.14760  
234.500     8.15955  
235.000     8.17153  
235.500     8.18352  
236.000     8.19554  
236.500     8.20756  
237.000     8.21960  
237.500     8.23163  
238.000     8.24365  
238.500     8.25565  
239.000     8.26764  
239.500     8.27959  
240.000     8.29151  
240.500     8.30339  
241.000     8.31523  
241.500     8.32703  
242.000     8.33882  
242.500     8.35058  
243.000     8.36234  
243.500     8.37408  
244.000     8.38583  
244.500     8.39758  
245.000     8.40934  
245.500     8.42112  
246.000     8.43291  
246.500     8.44471  
247.000     8.45651  
247.500     8.46832  
248.000     8.48011  
248.500     8.49190  
249.000     8.50368  
249.500     8.51544  
250.000     8.52717  
250.500     8.53888  
251.000     8.55056  
251.500     8.56223  
252.000     8.57388  
252.500     8.58551  
253.000     8.59714  
253.500     8.60876  
254.000     8.62038  
254.500     8.63201  
255.000     8.64363  
255.500     8.65527  
256.000     8.66692  
256.500     8.67857  
257.000     8.69023  
257.500     8.70188  
258.000     8.71354  
258.500     8.72519  
259.000     8.73683  
259.500     8.74847  
260.000     8.76010  
260.500     8.77172  
261.000     8.78332  
261.500     8.79492  
262.000     8.80651  
262.500     8.81809  
263.000     8.82967  
263.500     8.84125  
264.000     8.85282  
264.500     8.86439  
265.000     8.87597  
265.500     8.88754  
266.000     8.89912  
266.500     8.91070  
267.000     8.92228  
267.500     8.93387  
268.000     8.94546  
268.500     8.95705  
269.000     8.96864  
269.500     8.98023  
270.000     8.99183  
270.500     9.00343  
271.000     9.01504  
271.500     9.02664  
272.000     9.03825  
272.500     9.04985  
273.000     9.06146  
273.500     9.07306  
274.000     9.08466  
274.500     9.09625  
275.000     9.10784  
275.500     9.11943  
276.000     9.13102  
276.500     9.14260  
277.000     9.15419  
277.500     9.16577  
278.000     9.17737  
278.500     9.18897  
279.000     9.20059  
279.500     9.21221  
280.000     9.22386  
280.500     9.23551  
281.000     9.24718  
281.500     9.25887  
282.000     9.27056  
282.500     9.28225  
283.000     9.29395  
283.500     9.30565  
284.000     9.31735  
284.500     9.32904  
285.000     9.34072  
285.500     9.35239  
286.000     9.36405  
286.500     9.37571  
287.000     9.38737  
287.500     9.39903  
288.000     9.41071  
288.500     9.42240  
289.000     9.43410  
289.500     9.44583  
290.000     9.45758  
290.500     9.46936  
291.000     9.48117  
291.500     9.49300  
292.000     9.50484  
292.500     9.51670  
293.000     9.52856  
293.500     9.54042  
294.000     9.55228  
294.500     9.56413  
295.000     9.57596  
295.500     9.58778  
296.000     9.59959  
296.500     9.61139  
297.000     9.62319  
297.500     9.63500  
298.000     9.64682  
298.500     9.65866  
299.000     9.67052  
299.500     9.68241  
300.000     9.69434  
300.500     9.70631  
301.000     9.71832  
301.500     9.73035  
302.000     9.74241  
302.500     9.75449  
303.000     9.76657  
303.500     9.77865  
304.000     9.79074  
304.500     9.80281  
305.000     9.81486  
305.500     9.82689  
306.000     9.83891  
306.500     9.85091  
307.000     9.86292  
307.500     9.87493  
308.000     9.88696  
308.500     9.89901  
309.000     9.91109  
309.500     9.92321  
310.000     9.93538  
310.500     9.94760  
311.000     9.95986  
311.500     9.97217  
312.000     9.98450  
312.500     9.99685  
313.000    10.00921  
313.500    10.02158  
314.000    10.03394  
314.500    10.04629  
315.000    10.05862  
315.500    10.07093  
316.000    10.08321  
316.500    10.09548  
317.000    10.10775  
317.500    10.12002  
318.000    10.13232  
318.500    10.14464  
319.000    10.15700  
319.500    10.16940  
320.000    10.18187  
320.500    10.19439  
321.000    10.20696  
321.500    10.21959  
322.000    10.23224  
322.500    10.24492  
323.000    10.25762  
323.500    10.27032  
324.000    10.28302  
324.500    10.29570  
325.000    10.30836  
325.500    10.32099  
326.000    10.33359  
326.500    10.34618  
327.000    10.35876  
327.500    10.37136  
328.000    10.38397  
328.500    10.39662  
329.000    10.40931  
329.500    10.42205  
330.000    10.43486  
330.500    10.44773  
331.000    10.46067  
331.500    10.47366  
332.000    10.48669  
332.500    10.49975  
333.000    10.51283  
333.500    10.52591  
334.000    10.53899  
334.500    10.55205  
335.000    10.56508  
335.500    10.57808  
336.000    10.59105  
336.500    10.60401  
337.000    10.61696  
337.500    10.62993  
338.000    10.64291  
338.500    10.65593  
339.000    10.66899  
339.500    10.68212  
340.000    10.69531  
340.500    10.70859  
341.000    10.72193  
341.500    10.73534  
342.000    10.74878  
342.500    10.76227  
343.000    10.77577  
343.500    10.78927  
344.000    10.80278  
344.500    10.81626  
345.000    10.82972  
345.500    10.84313  
346.000    10.85652  
346.500    10.86988  
347.000    10.88325  
347.500    10.89662  
348.000    10.91002  
348.500    10.92346  
349.000    10.93694  
349.500    10.95049  
350.000    10.96412  
