#Tlab      phaseshift        pwa93   
  0.000     0.00000 
  0.005     0.00000  
  0.010     0.00000  
  0.015    -0.00000   
  0.020    -0.00000  
  0.040     0.00000  
  0.060    -0.00000  
  0.080     0.00000  
  0.100     0.00000  
  0.120    -0.00000  
  0.140    -0.00000  
  0.160     0.00000  
  0.180     0.00000  
  0.200     0.00000  
  0.220    -0.00000  
  0.240    -0.00000  
  0.260     0.00000  
  0.280     0.00000  
  0.300     0.00000  
  0.320    -0.00000  
  0.340    -0.00000  
  0.360     0.00000  
  0.380     0.00000  
  0.400    -0.00000  
  0.420    -0.00000  
  0.440    -0.00000  
  0.460     0.00000  
  0.480     0.00000  
  0.500     0.00000  
  1.000     0.00000  
  1.500     0.00000  
  2.000    -0.00000  
  2.500    -0.00000  
  3.000    -0.00001  
  3.500    -0.00002  
  4.000    -0.00003  
  4.500    -0.00006  
  5.000    -0.00009  
  5.500    -0.00014  
  6.000    -0.00020  
  6.500    -0.00028  
  7.000    -0.00038  
  7.500    -0.00050  
  8.000    -0.00065  
  8.500    -0.00083  
  9.000    -0.00104  
  9.500    -0.00128  
 10.000    -0.00155  
 10.500    -0.00186  
 11.000    -0.00221  
 11.500    -0.00260  
 12.000    -0.00303  
 12.500    -0.00351  
 13.000    -0.00403  
 13.500    -0.00459  
 14.000    -0.00520  
 14.500    -0.00586  
 15.000    -0.00656  
 15.500    -0.00732  
 16.000    -0.00812  
 16.500    -0.00897  
 17.000    -0.00988  
 17.500    -0.01083  
 18.000    -0.01183  
 18.500    -0.01289  
 19.000    -0.01399  
 19.500    -0.01515  
 20.000    -0.01636  
 20.500    -0.01761  
 21.000    -0.01892  
 21.500    -0.02028  
 22.000    -0.02168  
 22.500    -0.02314  
 23.000    -0.02464  
 23.500    -0.02620  
 24.000    -0.02780  
 24.500    -0.02945  
 25.000    -0.03114  
 25.500    -0.03289  
 26.000    -0.03468  
 26.500    -0.03651  
 27.000    -0.03839  
 27.500    -0.04032  
 28.000    -0.04229  
 28.500    -0.04430  
 29.000    -0.04636  
 29.500    -0.04845  
 30.000    -0.05059  
 30.500    -0.05277  
 31.000    -0.05499  
 31.500    -0.05725  
 32.000    -0.05954  
 32.500    -0.06188  
 33.000    -0.06425  
 33.500    -0.06666  
 34.000    -0.06911  
 34.500    -0.07159  
 35.000    -0.07411  
 35.500    -0.07666  
 36.000    -0.07924  
 36.500    -0.08186  
 37.000    -0.08450  
 37.500    -0.08719  
 38.000    -0.08990  
 38.500    -0.09264  
 39.000    -0.09541  
 39.500    -0.09821  
 40.000    -0.10104  
 40.500    -0.10390  
 41.000    -0.10679  
 41.500    -0.10970  
 42.000    -0.11264  
 42.500    -0.11560  
 43.000    -0.11859  
 43.500    -0.12160  
 44.000    -0.12464  
 44.500    -0.12770  
 45.000    -0.13078  
 45.500    -0.13389  
 46.000    -0.13702  
 46.500    -0.14017  
 47.000    -0.14334  
 47.500    -0.14653  
 48.000    -0.14974  
 48.500    -0.15297  
 49.000    -0.15621  
 49.500    -0.15948  
 50.000    -0.16276  
 50.500    -0.16607  
 51.000    -0.16939  
 51.500    -0.17272  
 52.000    -0.17607  
 52.500    -0.17944  
 53.000    -0.18282  
 53.500    -0.18622  
 54.000    -0.18963  
 54.500    -0.19306  
 55.000    -0.19650  
 55.500    -0.19995  
 56.000    -0.20341  
 56.500    -0.20689  
 57.000    -0.21038  
 57.500    -0.21388  
 58.000    -0.21740  
 58.500    -0.22092  
 59.000    -0.22446  
 59.500    -0.22800  
 60.000    -0.23156  
 60.500    -0.23512  
 61.000    -0.23870  
 61.500    -0.24228  
 62.000    -0.24587  
 62.500    -0.24947  
 63.000    -0.25308  
 63.500    -0.25670  
 64.000    -0.26032  
 64.500    -0.26395  
 65.000    -0.26759  
 65.500    -0.27124  
 66.000    -0.27489  
 66.500    -0.27855  
 67.000    -0.28221  
 67.500    -0.28588  
 68.000    -0.28955  
 68.500    -0.29323  
 69.000    -0.29692  
 69.500    -0.30061  
 70.000    -0.30430  
 70.500    -0.30800  
 71.000    -0.31170  
 71.500    -0.31541  
 72.000    -0.31912  
 72.500    -0.32283  
 73.000    -0.32655  
 73.500    -0.33027  
 74.000    -0.33399  
 74.500    -0.33771  
 75.000    -0.34144  
 75.500    -0.34517  
 76.000    -0.34890  
 76.500    -0.35263  
 77.000    -0.35636  
 77.500    -0.36010  
 78.000    -0.36384  
 78.500    -0.36757  
 79.000    -0.37131  
 79.500    -0.37505  
 80.000    -0.37879  
 80.500    -0.38253  
 81.000    -0.38627  
 81.500    -0.39001  
 82.000    -0.39376  
 82.500    -0.39750  
 83.000    -0.40124  
 83.500    -0.40498  
 84.000    -0.40871  
 84.500    -0.41245  
 85.000    -0.41619  
 85.500    -0.41993  
 86.000    -0.42366  
 86.500    -0.42740  
 87.000    -0.43113  
 87.500    -0.43486  
 88.000    -0.43859  
 88.500    -0.44232  
 89.000    -0.44604  
 89.500    -0.44977  
 90.000    -0.45349  
 90.500    -0.45721  
 91.000    -0.46092  
 91.500    -0.46464  
 92.000    -0.46835  
 92.500    -0.47206  
 93.000    -0.47577  
 93.500    -0.47947  
 94.000    -0.48317  
 94.500    -0.48687  
 95.000    -0.49057  
 95.500    -0.49426  
 96.000    -0.49795  
 96.500    -0.50163  
 97.000    -0.50531  
 97.500    -0.50899  
 98.000    -0.51267  
 98.500    -0.51634  
 99.000    -0.52001  
 99.500    -0.52367  
100.000    -0.52733  
100.500    -0.53098  
101.000    -0.53464  
101.500    -0.53828  
102.000    -0.54193  
102.500    -0.54556  
103.000    -0.54920  
103.500    -0.55283  
104.000    -0.55646  
104.500    -0.56008  
105.000    -0.56369  
105.500    -0.56730  
106.000    -0.57091  
106.500    -0.57451  
107.000    -0.57811  
107.500    -0.58171  
108.000    -0.58529  
108.500    -0.58888  
109.000    -0.59245  
109.500    -0.59603  
110.000    -0.59959  
110.500    -0.60316  
111.000    -0.60671  
111.500    -0.61027  
112.000    -0.61381  
112.500    -0.61735  
113.000    -0.62089  
113.500    -0.62442  
114.000    -0.62794  
114.500    -0.63146  
115.000    -0.63498  
115.500    -0.63849  
116.000    -0.64199  
116.500    -0.64549  
117.000    -0.64898  
117.500    -0.65246  
118.000    -0.65594  
118.500    -0.65942  
119.000    -0.66288  
119.500    -0.66635  
120.000    -0.66980  
120.500    -0.67325  
121.000    -0.67670  
121.500    -0.68013  
122.000    -0.68357  
122.500    -0.68699  
123.000    -0.69041  
123.500    -0.69383  
124.000    -0.69723  
124.500    -0.70064  
125.000    -0.70403  
125.500    -0.70742  
126.000    -0.71080  
126.500    -0.71418  
127.000    -0.71755  
127.500    -0.72091  
128.000    -0.72427  
128.500    -0.72762  
129.000    -0.73097  
129.500    -0.73431  
130.000    -0.73764  
130.500    -0.74096  
131.000    -0.74428  
131.500    -0.74760  
132.000    -0.75090  
132.500    -0.75420  
133.000    -0.75750  
133.500    -0.76078  
134.000    -0.76406  
134.500    -0.76734  
135.000    -0.77060  
135.500    -0.77386  
136.000    -0.77712  
136.500    -0.78037  
137.000    -0.78361  
137.500    -0.78684  
138.000    -0.79007  
138.500    -0.79329  
139.000    -0.79650  
139.500    -0.79971  
140.000    -0.80291  
140.500    -0.80611  
141.000    -0.80929  
141.500    -0.81247  
142.000    -0.81565  
142.500    -0.81882  
143.000    -0.82198  
143.500    -0.82513  
144.000    -0.82828  
144.500    -0.83142  
145.000    -0.83455  
145.500    -0.83768  
146.000    -0.84080  
146.500    -0.84391  
147.000    -0.84702  
147.500    -0.85012  
148.000    -0.85321  
148.500    -0.85630  
149.000    -0.85938  
149.500    -0.86245  
150.000    -0.86552  
150.500    -0.86858  
151.000    -0.87163  
151.500    -0.87468  
152.000    -0.87772  
152.500    -0.88075  
153.000    -0.88377  
153.500    -0.88679  
154.000    -0.88980  
154.500    -0.89281  
155.000    -0.89581  
155.500    -0.89880  
156.000    -0.90178  
156.500    -0.90476  
157.000    -0.90773  
157.500    -0.91070  
158.000    -0.91365  
158.500    -0.91660  
159.000    -0.91955  
159.500    -0.92249  
160.000    -0.92542  
160.500    -0.92834  
161.000    -0.93126  
161.500    -0.93417  
162.000    -0.93707  
162.500    -0.93997  
163.000    -0.94286  
163.500    -0.94574  
164.000    -0.94861  
164.500    -0.95148  
165.000    -0.95435  
165.500    -0.95720  
166.000    -0.96005  
166.500    -0.96289  
167.000    -0.96573  
167.500    -0.96856  
168.000    -0.97138  
168.500    -0.97420  
169.000    -0.97701  
169.500    -0.97981  
170.000    -0.98260  
170.500    -0.98539  
171.000    -0.98818  
171.500    -0.99095  
172.000    -0.99372  
172.500    -0.99648  
173.000    -0.99924  
173.500    -1.00199  
174.000    -1.00473  
174.500    -1.00746  
175.000    -1.01019  
175.500    -1.01292  
176.000    -1.01563  
176.500    -1.01834  
177.000    -1.02104  
177.500    -1.02374  
178.000    -1.02643  
178.500    -1.02911  
179.000    -1.03179  
179.500    -1.03446  
180.000    -1.03712  
180.500    -1.03978  
181.000    -1.04243  
181.500    -1.04507  
182.000    -1.04771  
182.500    -1.05034  
183.000    -1.05296  
183.500    -1.05558  
184.000    -1.05819  
184.500    -1.06080  
185.000    -1.06340  
185.500    -1.06599  
186.000    -1.06857  
186.500    -1.07115  
187.000    -1.07373  
187.500    -1.07629  
188.000    -1.07885  
188.500    -1.08140  
189.000    -1.08395  
189.500    -1.08649  
190.000    -1.08903  
190.500    -1.09155  
191.000    -1.09408  
191.500    -1.09659  
192.000    -1.09910  
192.500    -1.10160  
193.000    -1.10410  
193.500    -1.10659  
194.000    -1.10907  
194.500    -1.11155  
195.000    -1.11402  
195.500    -1.11649  
196.000    -1.11895  
196.500    -1.12140  
197.000    -1.12385  
197.500    -1.12629  
198.000    -1.12872  
198.500    -1.13115  
199.000    -1.13357  
199.500    -1.13599  
200.000    -1.13840  
200.500    -1.14080  
201.000    -1.14320  
201.500    -1.14559  
202.000    -1.14797  
202.500    -1.15035  
203.000    -1.15272  
203.500    -1.15509  
204.000    -1.15745  
204.500    -1.15981  
205.000    -1.16216  
205.500    -1.16450  
206.000    -1.16683  
206.500    -1.16917  
207.000    -1.17149  
207.500    -1.17381  
208.000    -1.17612  
208.500    -1.17843  
209.000    -1.18073  
209.500    -1.18303  
210.000    -1.18531  
210.500    -1.18760  
211.000    -1.18988  
211.500    -1.19215  
212.000    -1.19441  
212.500    -1.19667  
213.000    -1.19893  
213.500    -1.20118  
214.000    -1.20342  
214.500    -1.20566  
215.000    -1.20789  
215.500    -1.21011  
216.000    -1.21233  
216.500    -1.21455  
217.000    -1.21675  
217.500    -1.21896  
218.000    -1.22115  
218.500    -1.22334  
219.000    -1.22553  
219.500    -1.22771  
220.000    -1.22988  
220.500    -1.23205  
221.000    -1.23422  
221.500    -1.23637  
222.000    -1.23852  
222.500    -1.24067  
223.000    -1.24281  
223.500    -1.24495  
224.000    -1.24708  
224.500    -1.24920  
225.000    -1.25132  
225.500    -1.25343  
226.000    -1.25554  
226.500    -1.25764  
227.000    -1.25974  
227.500    -1.26183  
228.000    -1.26392  
228.500    -1.26600  
229.000    -1.26807  
229.500    -1.27014  
230.000    -1.27220  
230.500    -1.27426  
231.000    -1.27632  
231.500    -1.27836  
232.000    -1.28041  
232.500    -1.28245  
233.000    -1.28448  
233.500    -1.28650  
234.000    -1.28853  
234.500    -1.29054  
235.000    -1.29255  
235.500    -1.29456  
236.000    -1.29656  
236.500    -1.29856  
237.000    -1.30055  
237.500    -1.30253  
238.000    -1.30451  
238.500    -1.30649  
239.000    -1.30846  
239.500    -1.31042  
240.000    -1.31238  
240.500    -1.31434  
241.000    -1.31629  
241.500    -1.31823  
242.000    -1.32017  
242.500    -1.32210  
243.000    -1.32403  
243.500    -1.32596  
244.000    -1.32788  
244.500    -1.32979  
245.000    -1.33170  
245.500    -1.33361  
246.000    -1.33551  
246.500    -1.33740  
247.000    -1.33929  
247.500    -1.34117  
248.000    -1.34305  
248.500    -1.34493  
249.000    -1.34680  
249.500    -1.34867  
250.000    -1.35053  
250.500    -1.35238  
251.000    -1.35423  
251.500    -1.35608  
252.000    -1.35792  
252.500    -1.35976  
253.000    -1.36159  
253.500    -1.36342  
254.000    -1.36524  
254.500    -1.36706  
255.000    -1.36887  
255.500    -1.37068  
256.000    -1.37248  
256.500    -1.37428  
257.000    -1.37608  
257.500    -1.37787  
258.000    -1.37965  
258.500    -1.38143  
259.000    -1.38321  
259.500    -1.38498  
260.000    -1.38675  
260.500    -1.38851  
261.000    -1.39027  
261.500    -1.39202  
262.000    -1.39377  
262.500    -1.39551  
263.000    -1.39725  
263.500    -1.39899  
264.000    -1.40072  
264.500    -1.40245  
265.000    -1.40417  
265.500    -1.40589  
266.000    -1.40760  
266.500    -1.40931  
267.000    -1.41101  
267.500    -1.41271  
268.000    -1.41441  
268.500    -1.41610  
269.000    -1.41779  
269.500    -1.41947  
270.000    -1.42115  
270.500    -1.42283  
271.000    -1.42450  
271.500    -1.42616  
272.000    -1.42782  
272.500    -1.42948  
273.000    -1.43114  
273.500    -1.43278  
274.000    -1.43443  
274.500    -1.43607  
275.000    -1.43771  
275.500    -1.43934  
276.000    -1.44097  
276.500    -1.44259  
277.000    -1.44421  
277.500    -1.44583  
278.000    -1.44744  
278.500    -1.44905  
279.000    -1.45065  
279.500    -1.45225  
280.000    -1.45385  
280.500    -1.45544  
281.000    -1.45703  
281.500    -1.45862  
282.000    -1.46020  
282.500    -1.46177  
283.000    -1.46334  
283.500    -1.46491  
284.000    -1.46648  
284.500    -1.46804  
285.000    -1.46959  
285.500    -1.47115  
286.000    -1.47270  
286.500    -1.47424  
287.000    -1.47578  
287.500    -1.47732  
288.000    -1.47886  
288.500    -1.48039  
289.000    -1.48191  
289.500    -1.48343  
290.000    -1.48495  
290.500    -1.48647  
291.000    -1.48798  
291.500    -1.48949  
292.000    -1.49099  
292.500    -1.49249  
293.000    -1.49399  
293.500    -1.49548  
294.000    -1.49697  
294.500    -1.49845  
295.000    -1.49994  
295.500    -1.50142  
296.000    -1.50289  
296.500    -1.50436  
297.000    -1.50583  
297.500    -1.50729  
298.000    -1.50875  
298.500    -1.51021  
299.000    -1.51167  
299.500    -1.51312  
300.000    -1.51456  
300.500    -1.51601  
301.000    -1.51744  
301.500    -1.51888  
302.000    -1.52031  
302.500    -1.52174  
303.000    -1.52317  
303.500    -1.52459  
304.000    -1.52601  
304.500    -1.52743  
305.000    -1.52884  
305.500    -1.53025  
306.000    -1.53166  
306.500    -1.53306  
307.000    -1.53446  
307.500    -1.53585  
308.000    -1.53725  
308.500    -1.53864  
309.000    -1.54002  
309.500    -1.54140  
310.000    -1.54278  
310.500    -1.54416  
311.000    -1.54553  
311.500    -1.54690  
312.000    -1.54827  
312.500    -1.54963  
313.000    -1.55100  
313.500    -1.55235  
314.000    -1.55371  
314.500    -1.55506  
315.000    -1.55641  
315.500    -1.55775  
316.000    -1.55909  
316.500    -1.56043  
317.000    -1.56177  
317.500    -1.56310  
318.000    -1.56443  
318.500    -1.56576  
319.000    -1.56708  
319.500    -1.56840  
320.000    -1.56972  
320.500    -1.57103  
321.000    -1.57235  
321.500    -1.57366  
322.000    -1.57496  
322.500    -1.57627  
323.000    -1.57757  
323.500    -1.57886  
324.000    -1.58016  
324.500    -1.58145  
325.000    -1.58274  
325.500    -1.58402  
326.000    -1.58531  
326.500    -1.58659  
327.000    -1.58786  
327.500    -1.58914  
328.000    -1.59041  
328.500    -1.59168  
329.000    -1.59295  
329.500    -1.59421  
330.000    -1.59547  
330.500    -1.59673  
331.000    -1.59798  
331.500    -1.59924  
332.000    -1.60049  
332.500    -1.60174  
333.000    -1.60298  
333.500    -1.60422  
334.000    -1.60546  
334.500    -1.60670  
335.000    -1.60793  
335.500    -1.60916  
336.000    -1.61039  
336.500    -1.61162  
337.000    -1.61284  
337.500    -1.61407  
338.000    -1.61528  
338.500    -1.61650  
339.000    -1.61771  
339.500    -1.61893  
340.000    -1.62013  
340.500    -1.62134  
341.000    -1.62254  
341.500    -1.62375  
342.000    -1.62494  
342.500    -1.62614  
343.000    -1.62734  
343.500    -1.62853  
344.000    -1.62972  
344.500    -1.63090  
345.000    -1.63209  
345.500    -1.63327  
346.000    -1.63445  
346.500    -1.63563  
347.000    -1.63680  
347.500    -1.63798  
348.000    -1.63915  
348.500    -1.64031  
349.000    -1.64148  
349.500    -1.64264  
350.000    -1.64380  
