 #Tlab      phaseshift         pwa93   
  0.000     0.00000 
  0.005     0.00000  
  0.010     0.00000  
  0.015     0.00000 
  0.020     0.00000  
  0.040    -0.00000  
  0.060     0.00000  
  0.080    -0.00000  
  0.100     0.00000  
  0.120     0.00000  
  0.140     0.00000  
  0.160    -0.00000  
  0.180    -0.00000  
  0.200    -0.00000  
  0.220     0.00000  
  0.240     0.00000  
  0.260    -0.00000  
  0.280    -0.00000  
  0.300     0.00000  
  0.320     0.00000  
  0.340     0.00000  
  0.360    -0.00000  
  0.380    -0.00000  
  0.400     0.00000  
  0.420     0.00000  
  0.440     0.00000  
  0.460    -0.00000  
  0.480    -0.00000  
  0.500     0.00000  
  1.000     0.00000  
  1.500     0.00000  
  2.000     0.00000  
  2.500     0.00000  
  3.000     0.00000  
  3.500     0.00000  
  4.000     0.00000  
  4.500     0.00000  
  5.000    -0.00000  
  5.500    -0.00000  
  6.000    -0.00000  
  6.500    -0.00000  
  7.000    -0.00001  
  7.500    -0.00001  
  8.000    -0.00001  
  8.500    -0.00002  
  9.000    -0.00002  
  9.500    -0.00003  
 10.000    -0.00004  
 10.500    -0.00005  
 11.000    -0.00006  
 11.500    -0.00008  
 12.000    -0.00010  
 12.500    -0.00012  
 13.000    -0.00014  
 13.500    -0.00017  
 14.000    -0.00020  
 14.500    -0.00024  
 15.000    -0.00028  
 15.500    -0.00033  
 16.000    -0.00038  
 16.500    -0.00044  
 17.000    -0.00050  
 17.500    -0.00057  
 18.000    -0.00064  
 18.500    -0.00072  
 19.000    -0.00081  
 19.500    -0.00090  
 20.000    -0.00100  
 20.500    -0.00111  
 21.000    -0.00122  
 21.500    -0.00135  
 22.000    -0.00148  
 22.500    -0.00162  
 23.000    -0.00176  
 23.500    -0.00192  
 24.000    -0.00209  
 24.500    -0.00226  
 25.000    -0.00244  
 25.500    -0.00263  
 26.000    -0.00284  
 26.500    -0.00305  
 27.000    -0.00327  
 27.500    -0.00350  
 28.000    -0.00374  
 28.500    -0.00399  
 29.000    -0.00425  
 29.500    -0.00452  
 30.000    -0.00480  
 30.500    -0.00509  
 31.000    -0.00539  
 31.500    -0.00570  
 32.000    -0.00602  
 32.500    -0.00635  
 33.000    -0.00670  
 33.500    -0.00705  
 34.000    -0.00741  
 34.500    -0.00779  
 35.000    -0.00817  
 35.500    -0.00857  
 36.000    -0.00897  
 36.500    -0.00939  
 37.000    -0.00982  
 37.500    -0.01026  
 38.000    -0.01070  
 38.500    -0.01117  
 39.000    -0.01164  
 39.500    -0.01212  
 40.000    -0.01261  
 40.500    -0.01311  
 41.000    -0.01362  
 41.500    -0.01415  
 42.000    -0.01468  
 42.500    -0.01523  
 43.000    -0.01578  
 43.500    -0.01635  
 44.000    -0.01692  
 44.500    -0.01751  
 45.000    -0.01811  
 45.500    -0.01872  
 46.000    -0.01933  
 46.500    -0.01996  
 47.000    -0.02060  
 47.500    -0.02125  
 48.000    -0.02190  
 48.500    -0.02257  
 49.000    -0.02325  
 49.500    -0.02394  
 50.000    -0.02463  
 50.500    -0.02534  
 51.000    -0.02606  
 51.500    -0.02678  
 52.000    -0.02752  
 52.500    -0.02826  
 53.000    -0.02902  
 53.500    -0.02978  
 54.000    -0.03055  
 54.500    -0.03134  
 55.000    -0.03213  
 55.500    -0.03293  
 56.000    -0.03374  
 56.500    -0.03456  
 57.000    -0.03538  
 57.500    -0.03622  
 58.000    -0.03706  
 58.500    -0.03791  
 59.000    -0.03878  
 59.500    -0.03965  
 60.000    -0.04052  
 60.500    -0.04141  
 61.000    -0.04231  
 61.500    -0.04321  
 62.000    -0.04412  
 62.500    -0.04504  
 63.000    -0.04596  
 63.500    -0.04690  
 64.000    -0.04784  
 64.500    -0.04879  
 65.000    -0.04975  
 65.500    -0.05071  
 66.000    -0.05169  
 66.500    -0.05267  
 67.000    -0.05365  
 67.500    -0.05465  
 68.000    -0.05565  
 68.500    -0.05666  
 69.000    -0.05767  
 69.500    -0.05870  
 70.000    -0.05973  
 70.500    -0.06076  
 71.000    -0.06180  
 71.500    -0.06285  
 72.000    -0.06391  
 72.500    -0.06497  
 73.000    -0.06604  
 73.500    -0.06712  
 74.000    -0.06820  
 74.500    -0.06929  
 75.000    -0.07038  
 75.500    -0.07148  
 76.000    -0.07259  
 76.500    -0.07370  
 77.000    -0.07482  
 77.500    -0.07594  
 78.000    -0.07707  
 78.500    -0.07820  
 79.000    -0.07934  
 79.500    -0.08049  
 80.000    -0.08164  
 80.500    -0.08280  
 81.000    -0.08396  
 81.500    -0.08513  
 82.000    -0.08630  
 82.500    -0.08748  
 83.000    -0.08866  
 83.500    -0.08985  
 84.000    -0.09104  
 84.500    -0.09224  
 85.000    -0.09344  
 85.500    -0.09465  
 86.000    -0.09586  
 86.500    -0.09708  
 87.000    -0.09830  
 87.500    -0.09952  
 88.000    -0.10075  
 88.500    -0.10199  
 89.000    -0.10322  
 89.500    -0.10447  
 90.000    -0.10571  
 90.500    -0.10696  
 91.000    -0.10822  
 91.500    -0.10948  
 92.000    -0.11074  
 92.500    -0.11201  
 93.000    -0.11328  
 93.500    -0.11456  
 94.000    -0.11583  
 94.500    -0.11712  
 95.000    -0.11840  
 95.500    -0.11969  
 96.000    -0.12098  
 96.500    -0.12228  
 97.000    -0.12358  
 97.500    -0.12488  
 98.000    -0.12619  
 98.500    -0.12750  
 99.000    -0.12882  
 99.500    -0.13013  
100.000    -0.13145  
100.500    -0.13277  
101.000    -0.13410  
101.500    -0.13543  
102.000    -0.13676  
102.500    -0.13809  
103.000    -0.13943  
103.500    -0.14077  
104.000    -0.14211  
104.500    -0.14346  
105.000    -0.14481  
105.500    -0.14616  
106.000    -0.14752  
106.500    -0.14887  
107.000    -0.15023  
107.500    -0.15159  
108.000    -0.15296  
108.500    -0.15432  
109.000    -0.15569  
109.500    -0.15706  
110.000    -0.15843  
110.500    -0.15981  
111.000    -0.16119  
111.500    -0.16257  
112.000    -0.16395  
112.500    -0.16533  
113.000    -0.16672  
113.500    -0.16810  
114.000    -0.16949  
114.500    -0.17088  
115.000    -0.17228  
115.500    -0.17367  
116.000    -0.17507  
116.500    -0.17647  
117.000    -0.17787  
117.500    -0.17927  
118.000    -0.18068  
118.500    -0.18208  
119.000    -0.18349  
119.500    -0.18490  
120.000    -0.18631  
120.500    -0.18772  
121.000    -0.18913  
121.500    -0.19055  
122.000    -0.19196  
122.500    -0.19338  
123.000    -0.19480  
123.500    -0.19622  
124.000    -0.19764  
124.500    -0.19906  
125.000    -0.20049  
125.500    -0.20191  
126.000    -0.20334  
126.500    -0.20477  
127.000    -0.20619  
127.500    -0.20762  
128.000    -0.20905  
128.500    -0.21048  
129.000    -0.21192  
129.500    -0.21335  
130.000    -0.21478  
130.500    -0.21622  
131.000    -0.21766  
131.500    -0.21909  
132.000    -0.22053  
132.500    -0.22197  
133.000    -0.22341  
133.500    -0.22485  
134.000    -0.22629  
134.500    -0.22773  
135.000    -0.22917  
135.500    -0.23061  
136.000    -0.23206  
136.500    -0.23350  
137.000    -0.23494  
137.500    -0.23639  
138.000    -0.23783  
138.500    -0.23928  
139.000    -0.24073  
139.500    -0.24217  
140.000    -0.24362  
140.500    -0.24507  
141.000    -0.24652  
141.500    -0.24796  
142.000    -0.24941  
142.500    -0.25086  
143.000    -0.25231  
143.500    -0.25376  
144.000    -0.25521  
144.500    -0.25666  
145.000    -0.25811  
145.500    -0.25956  
146.000    -0.26101  
146.500    -0.26246  
147.000    -0.26391  
147.500    -0.26536  
148.000    -0.26682  
148.500    -0.26827  
149.000    -0.26972  
149.500    -0.27117  
150.000    -0.27262  
150.500    -0.27407  
151.000    -0.27552  
151.500    -0.27697  
152.000    -0.27842  
152.500    -0.27987  
153.000    -0.28133  
153.500    -0.28278  
154.000    -0.28423  
154.500    -0.28568  
155.000    -0.28713  
155.500    -0.28858  
156.000    -0.29003  
156.500    -0.29148  
157.000    -0.29293  
157.500    -0.29438  
158.000    -0.29583  
158.500    -0.29728  
159.000    -0.29872  
159.500    -0.30017  
160.000    -0.30162  
160.500    -0.30307  
161.000    -0.30451  
161.500    -0.30596  
162.000    -0.30741  
162.500    -0.30885  
163.000    -0.31030  
163.500    -0.31175  
164.000    -0.31319  
164.500    -0.31463  
165.000    -0.31608  
165.500    -0.31752  
166.000    -0.31896  
166.500    -0.32041  
167.000    -0.32185  
167.500    -0.32329  
168.000    -0.32473  
168.500    -0.32617  
169.000    -0.32761  
169.500    -0.32905  
170.000    -0.33049  
170.500    -0.33193  
171.000    -0.33337  
171.500    -0.33480  
172.000    -0.33624  
172.500    -0.33767  
173.000    -0.33911  
173.500    -0.34054  
174.000    -0.34198  
174.500    -0.34341  
175.000    -0.34484  
175.500    -0.34627  
176.000    -0.34770  
176.500    -0.34913  
177.000    -0.35056  
177.500    -0.35199  
178.000    -0.35342  
178.500    -0.35485  
179.000    -0.35627  
179.500    -0.35770  
180.000    -0.35912  
180.500    -0.36055  
181.000    -0.36197  
181.500    -0.36339  
182.000    -0.36481  
182.500    -0.36623  
183.000    -0.36765  
183.500    -0.36907  
184.000    -0.37049  
184.500    -0.37191  
185.000    -0.37332  
185.500    -0.37474  
186.000    -0.37615  
186.500    -0.37756  
187.000    -0.37898  
187.500    -0.38039  
188.000    -0.38180  
188.500    -0.38321  
189.000    -0.38462  
189.500    -0.38602  
190.000    -0.38743  
190.500    -0.38884  
191.000    -0.39024  
191.500    -0.39164  
192.000    -0.39305  
192.500    -0.39445  
193.000    -0.39585  
193.500    -0.39725  
194.000    -0.39865  
194.500    -0.40004  
195.000    -0.40144  
195.500    -0.40283  
196.000    -0.40423  
196.500    -0.40562  
197.000    -0.40701  
197.500    -0.40841  
198.000    -0.40980  
198.500    -0.41118  
199.000    -0.41257  
199.500    -0.41396  
200.000    -0.41534  
200.500    -0.41673  
201.000    -0.41811  
201.500    -0.41949  
202.000    -0.42087  
202.500    -0.42225  
203.000    -0.42363  
203.500    -0.42501  
204.000    -0.42639  
204.500    -0.42776  
205.000    -0.42913  
205.500    -0.43051  
206.000    -0.43188  
206.500    -0.43325  
207.000    -0.43462  
207.500    -0.43599  
208.000    -0.43735  
208.500    -0.43872  
209.000    -0.44008  
209.500    -0.44145  
210.000    -0.44281  
210.500    -0.44417  
211.000    -0.44553  
211.500    -0.44689  
212.000    -0.44824  
212.500    -0.44960  
213.000    -0.45095  
213.500    -0.45231  
214.000    -0.45366  
214.500    -0.45501  
215.000    -0.45636  
215.500    -0.45770  
216.000    -0.45905  
216.500    -0.46040  
217.000    -0.46174  
217.500    -0.46308  
218.000    -0.46442  
218.500    -0.46576  
219.000    -0.46710  
219.500    -0.46844  
220.000    -0.46978  
220.500    -0.47111  
221.000    -0.47245  
221.500    -0.47378  
222.000    -0.47511  
222.500    -0.47644  
223.000    -0.47777  
223.500    -0.47909  
224.000    -0.48042  
224.500    -0.48174  
225.000    -0.48307  
225.500    -0.48439  
226.000    -0.48571  
226.500    -0.48703  
227.000    -0.48834  
227.500    -0.48966  
228.000    -0.49097  
228.500    -0.49229  
229.000    -0.49360  
229.500    -0.49491  
230.000    -0.49622  
230.500    -0.49753  
231.000    -0.49883  
231.500    -0.50014  
232.000    -0.50144  
232.500    -0.50274  
233.000    -0.50404  
233.500    -0.50534  
234.000    -0.50664  
234.500    -0.50794  
235.000    -0.50923  
235.500    -0.51053  
236.000    -0.51182  
236.500    -0.51311  
237.000    -0.51440  
237.500    -0.51569  
238.000    -0.51697  
238.500    -0.51826  
239.000    -0.51954  
239.500    -0.52082  
240.000    -0.52211  
240.500    -0.52338  
241.000    -0.52466  
241.500    -0.52594  
242.000    -0.52721  
242.500    -0.52849  
243.000    -0.52976  
243.500    -0.53103  
244.000    -0.53230  
244.500    -0.53357  
245.000    -0.53483  
245.500    -0.53610  
246.000    -0.53736  
246.500    -0.53862  
247.000    -0.53988  
247.500    -0.54114  
248.000    -0.54240  
248.500    -0.54366  
249.000    -0.54491  
249.500    -0.54617  
250.000    -0.54742  
250.500    -0.54867  
251.000    -0.54992  
251.500    -0.55116  
252.000    -0.55241  
252.500    -0.55365  
253.000    -0.55490  
253.500    -0.55614  
254.000    -0.55738  
254.500    -0.55862  
255.000    -0.55985  
255.500    -0.56109  
256.000    -0.56232  
256.500    -0.56356  
257.000    -0.56479  
257.500    -0.56602  
258.000    -0.56724  
258.500    -0.56847  
259.000    -0.56970  
259.500    -0.57092  
260.000    -0.57214  
260.500    -0.57336  
261.000    -0.57458  
261.500    -0.57580  
262.000    -0.57701  
262.500    -0.57823  
263.000    -0.57944  
263.500    -0.58065  
264.000    -0.58186  
264.500    -0.58307  
265.000    -0.58428  
265.500    -0.58548  
266.000    -0.58669  
266.500    -0.58789  
267.000    -0.58909  
267.500    -0.59029  
268.000    -0.59149  
268.500    -0.59269  
269.000    -0.59388  
269.500    -0.59508  
270.000    -0.59627  
270.500    -0.59746  
271.000    -0.59865  
271.500    -0.59983  
272.000    -0.60102  
272.500    -0.60220  
273.000    -0.60339  
273.500    -0.60457  
274.000    -0.60575  
274.500    -0.60693  
275.000    -0.60810  
275.500    -0.60928  
276.000    -0.61045  
276.500    -0.61162  
277.000    -0.61280  
277.500    -0.61396  
278.000    -0.61513  
278.500    -0.61630  
279.000    -0.61746  
279.500    -0.61863  
280.000    -0.61979  
280.500    -0.62095  
281.000    -0.62211  
281.500    -0.62327  
282.000    -0.62442  
282.500    -0.62557  
283.000    -0.62673  
283.500    -0.62788  
284.000    -0.62903  
284.500    -0.63018  
285.000    -0.63132  
285.500    -0.63247  
286.000    -0.63361  
286.500    -0.63475  
287.000    -0.63589  
287.500    -0.63703  
288.000    -0.63817  
288.500    -0.63931  
289.000    -0.64044  
289.500    -0.64157  
290.000    -0.64271  
290.500    -0.64384  
291.000    -0.64496  
291.500    -0.64609  
292.000    -0.64722  
292.500    -0.64834  
293.000    -0.64946  
293.500    -0.65058  
294.000    -0.65170  
294.500    -0.65282  
295.000    -0.65394  
295.500    -0.65505  
296.000    -0.65617  
296.500    -0.65728  
297.000    -0.65839  
297.500    -0.65950  
298.000    -0.66060  
298.500    -0.66171  
299.000    -0.66281  
299.500    -0.66392  
300.000    -0.66502  
300.500    -0.66612  
301.000    -0.66721  
301.500    -0.66831  
302.000    -0.66941  
302.500    -0.67050  
303.000    -0.67159  
303.500    -0.67268  
304.000    -0.67377  
304.500    -0.67486  
305.000    -0.67595  
305.500    -0.67703  
306.000    -0.67811  
306.500    -0.67920  
307.000    -0.68028  
307.500    -0.68135  
308.000    -0.68243  
308.500    -0.68351  
309.000    -0.68458  
309.500    -0.68565  
310.000    -0.68673  
310.500    -0.68780  
311.000    -0.68886  
311.500    -0.68993  
312.000    -0.69100  
312.500    -0.69206  
313.000    -0.69312  
313.500    -0.69418  
314.000    -0.69524  
314.500    -0.69630  
315.000    -0.69736  
315.500    -0.69841  
316.000    -0.69946  
316.500    -0.70052  
317.000    -0.70157  
317.500    -0.70262  
318.000    -0.70366  
318.500    -0.70471  
319.000    -0.70575  
319.500    -0.70680  
320.000    -0.70784  
320.500    -0.70888  
321.000    -0.70992  
321.500    -0.71095  
322.000    -0.71199  
322.500    -0.71302  
323.000    -0.71406  
323.500    -0.71509  
324.000    -0.71612  
324.500    -0.71715  
325.000    -0.71817  
325.500    -0.71920  
326.000    -0.72022  
326.500    -0.72124  
327.000    -0.72226  
327.500    -0.72328  
328.000    -0.72430  
328.500    -0.72532  
329.000    -0.72633  
329.500    -0.72735  
330.000    -0.72836  
330.500    -0.72937  
331.000    -0.73038  
331.500    -0.73139  
332.000    -0.73239  
332.500    -0.73340  
333.000    -0.73440  
333.500    -0.73540  
334.000    -0.73640  
334.500    -0.73740  
335.000    -0.73840  
335.500    -0.73940  
336.000    -0.74039  
336.500    -0.74139  
337.000    -0.74238  
337.500    -0.74337  
338.000    -0.74436  
338.500    -0.74534  
339.000    -0.74633  
339.500    -0.74731  
340.000    -0.74830  
340.500    -0.74928  
341.000    -0.75026  
341.500    -0.75124  
342.000    -0.75222  
342.500    -0.75319  
343.000    -0.75417  
343.500    -0.75514  
344.000    -0.75611  
344.500    -0.75708  
345.000    -0.75805  
345.500    -0.75902  
346.000    -0.75999  
346.500    -0.76095  
347.000    -0.76191  
347.500    -0.76288  
348.000    -0.76384  
348.500    -0.76480  
349.000    -0.76575  
349.500    -0.76671  
350.000    -0.76766  
