# Tlab      phaseshift pwa93   
  0.000     0.00000
  0.005    -0.00007  
  0.010    -0.00021  
  0.015    -0.00038  
  0.020    -0.00059  
  0.040    -0.00166  
  0.060    -0.00304  
  0.080    -0.00467  
  0.100    -0.00651  
  0.120    -0.00854  
  0.140    -0.01073  
  0.160    -0.01309  
  0.180    -0.01558  
  0.200    -0.01821  
  0.220    -0.02096  
  0.240    -0.02384  
  0.260    -0.02682  
  0.280    -0.02991  
  0.300    -0.03310  
  0.320    -0.03639  
  0.340    -0.03977  
  0.360    -0.04324  
  0.380    -0.04679  
  0.400    -0.05043  
  0.420    -0.05414  
  0.440    -0.05793  
  0.460    -0.06180  
  0.480    -0.06573  
  0.500    -0.06974  
  1.000    -0.18745  
  1.500    -0.32797  
  2.000    -0.48182  
  2.500    -0.64369  
  3.000    -0.81022  
  3.500    -0.97913  
  4.000    -1.14886  
  4.500    -1.31830  
  5.000    -1.48664  
  5.500    -1.65332  
  6.000    -1.81792  
  6.500    -1.98015  
  7.000    -2.13982  
  7.500    -2.29678  
  8.000    -2.45097  
  8.500    -2.60232  
  9.000    -2.75083  
  9.500    -2.89651  
 10.000    -3.03938  
 10.500    -3.17948  
 11.000    -3.31686  
 11.500    -3.45156  
 12.000    -3.58366  
 12.500    -3.71322  
 13.000    -3.84030  
 13.500    -3.96497  
 14.000    -4.08729  
 14.500    -4.20734  
 15.000    -4.32519  
 15.500    -4.44089  
 16.000    -4.55452  
 16.500    -4.66614  
 17.000    -4.77581  
 17.500    -4.88359  
 18.000    -4.98955  
 18.500    -5.09374  
 19.000    -5.19623  
 19.500    -5.29705  
 20.000    -5.39627  
 20.500    -5.49394  
 21.000    -5.59011  
 21.500    -5.68482  
 22.000    -5.77812  
 22.500    -5.87006  
 23.000    -5.96068  
 23.500    -6.05002  
 24.000    -6.13813  
 24.500    -6.22503  
 25.000    -6.31078  
 25.500    -6.39540  
 26.000    -6.47893  
 26.500    -6.56140  
 27.000    -6.64285  
 27.500    -6.72331  
 28.000    -6.80281  
 28.500    -6.88138  
 29.000    -6.95904  
 29.500    -7.03582  
 30.000    -7.11176  
 30.500    -7.18687  
 31.000    -7.26118  
 31.500    -7.33472  
 32.000    -7.40750  
 32.500    -7.47956  
 33.000    -7.55090  
 33.500    -7.62156  
 34.000    -7.69154  
 34.500    -7.76088  
 35.000    -7.82959  
 35.500    -7.89769  
 36.000    -7.96519  
 36.500    -8.03212  
 37.000    -8.09848  
 37.500    -8.16430  
 38.000    -8.22959  
 38.500    -8.29436  
 39.000    -8.35863  
 39.500    -8.42242  
 40.000    -8.48573  
 40.500    -8.54858  
 41.000    -8.61099  
 41.500    -8.67296  
 42.000    -8.73450  
 42.500    -8.79563  
 43.000    -8.85636  
 43.500    -8.91670  
 44.000    -8.97666  
 44.500    -9.03625  
 45.000    -9.09548  
 45.500    -9.15436  
 46.000    -9.21290  
 46.500    -9.27110  
 47.000    -9.32898  
 47.500    -9.38654  
 48.000    -9.44380  
 48.500    -9.50075  
 49.000    -9.55742  
 49.500    -9.61379  
 50.000    -9.66989  
 50.500    -9.72572  
 51.000    -9.78128  
 51.500    -9.83658  
 52.000    -9.89164  
 52.500    -9.94644  
 53.000   -10.00101  
 53.500   -10.05534  
 54.000   -10.10945  
 54.500   -10.16333  
 55.000   -10.21699  
 55.500   -10.27044  
 56.000   -10.32369  
 56.500   -10.37673  
 57.000   -10.42957  
 57.500   -10.48222  
 58.000   -10.53468  
 58.500   -10.58695  
 59.000   -10.63904  
 59.500   -10.69095  
 60.000   -10.74269  
 60.500   -10.79427  
 61.000   -10.84567  
 61.500   -10.89691  
 62.000   -10.94800  
 62.500   -10.99892  
 63.000   -11.04970  
 63.500   -11.10032  
 64.000   -11.15080  
 64.500   -11.20114  
 65.000   -11.25133  
 65.500   -11.30139  
 66.000   -11.35131  
 66.500   -11.40110  
 67.000   -11.45077  
 67.500   -11.50030  
 68.000   -11.54970  
 68.500   -11.59899  
 69.000   -11.64815  
 69.500   -11.69720  
 70.000   -11.74613  
 70.500   -11.79494  
 71.000   -11.84365  
 71.500   -11.89224  
 72.000   -11.94072  
 72.500   -11.98910  
 73.000   -12.03737  
 73.500   -12.08554  
 74.000   -12.13361  
 74.500   -12.18158  
 75.000   -12.22944  
 75.500   -12.27722  
 76.000   -12.32489  
 76.500   -12.37248  
 77.000   -12.41996  
 77.500   -12.46736  
 78.000   -12.51467  
 78.500   -12.56189  
 79.000   -12.60902  
 79.500   -12.65607  
 80.000   -12.70303  
 80.500   -12.74990  
 81.000   -12.79670  
 81.500   -12.84341  
 82.000   -12.89004  
 82.500   -12.93659  
 83.000   -12.98306  
 83.500   -13.02945  
 84.000   -13.07576  
 84.500   -13.12200  
 85.000   -13.16816  
 85.500   -13.21425  
 86.000   -13.26026  
 86.500   -13.30620  
 87.000   -13.35206  
 87.500   -13.39786  
 88.000   -13.44358  
 88.500   -13.48923  
 89.000   -13.53481  
 89.500   -13.58033  
 90.000   -13.62577  
 90.500   -13.67114  
 91.000   -13.71645  
 91.500   -13.76169  
 92.000   -13.80686  
 92.500   -13.85197  
 93.000   -13.89701  
 93.500   -13.94198  
 94.000   -13.98689  
 94.500   -14.03174  
 95.000   -14.07652  
 95.500   -14.12123  
 96.000   -14.16589  
 96.500   -14.21048  
 97.000   -14.25500  
 97.500   -14.29947  
 98.000   -14.34387  
 98.500   -14.38821  
 99.000   -14.43249  
 99.500   -14.47671  
100.000   -14.52087  
100.500   -14.56497  
101.000   -14.60900  
101.500   -14.65298  
102.000   -14.69690  
102.500   -14.74075  
103.000   -14.78455  
103.500   -14.82829  
104.000   -14.87197  
104.500   -14.91559  
105.000   -14.95915  
105.500   -15.00265  
106.000   -15.04609  
106.500   -15.08948  
107.000   -15.13280  
107.500   -15.17607  
108.000   -15.21928  
108.500   -15.26244  
109.000   -15.30553  
109.500   -15.34857  
110.000   -15.39155  
110.500   -15.43448  
111.000   -15.47734  
111.500   -15.52015  
112.000   -15.56290  
112.500   -15.60559  
113.000   -15.64823  
113.500   -15.69081  
114.000   -15.73333  
114.500   -15.77580  
115.000   -15.81821  
115.500   -15.86056  
116.000   -15.90286  
116.500   -15.94510  
117.000   -15.98728  
117.500   -16.02941  
118.000   -16.07147  
118.500   -16.11349  
119.000   -16.15544  
119.500   -16.19734  
120.000   -16.23919  
120.500   -16.28097  
121.000   -16.32270  
121.500   -16.36437  
122.000   -16.40599  
122.500   -16.44755  
123.000   -16.48905  
123.500   -16.53050  
124.000   -16.57189  
124.500   -16.61322  
125.000   -16.65450  
125.500   -16.69572  
126.000   -16.73688  
126.500   -16.77799  
127.000   -16.81904  
127.500   -16.86003  
128.000   -16.90097  
128.500   -16.94185  
129.000   -16.98267  
129.500   -17.02344  
130.000   -17.06414  
130.500   -17.10480  
131.000   -17.14539  
131.500   -17.18593  
132.000   -17.22641  
132.500   -17.26683  
133.000   -17.30720  
133.500   -17.34751  
134.000   -17.38776  
134.500   -17.42795  
135.000   -17.46809  
135.500   -17.50817  
136.000   -17.54819  
136.500   -17.58816  
137.000   -17.62807  
137.500   -17.66792  
138.000   -17.70771  
138.500   -17.74744  
139.000   -17.78712  
139.500   -17.82674  
140.000   -17.86630  
140.500   -17.90580  
141.000   -17.94525  
141.500   -17.98464  
142.000   -18.02397  
142.500   -18.06324  
143.000   -18.10245  
143.500   -18.14160  
144.000   -18.18070  
144.500   -18.21974  
145.000   -18.25872  
145.500   -18.29764  
146.000   -18.33651  
146.500   -18.37531  
147.000   -18.41406  
147.500   -18.45275  
148.000   -18.49138  
148.500   -18.52995  
149.000   -18.56846  
149.500   -18.60691  
150.000   -18.64531  
150.500   -18.68365  
151.000   -18.72192  
151.500   -18.76014  
152.000   -18.79830  
152.500   -18.83640  
153.000   -18.87444  
153.500   -18.91242  
154.000   -18.95035  
154.500   -18.98821  
155.000   -19.02602  
155.500   -19.06376  
156.000   -19.10145  
156.500   -19.13907  
157.000   -19.17664  
157.500   -19.21415  
158.000   -19.25160  
158.500   -19.28899  
159.000   -19.32632  
159.500   -19.36359  
160.000   -19.40080  
160.500   -19.43795  
161.000   -19.47504  
161.500   -19.51207  
162.000   -19.54904  
162.500   -19.58595  
163.000   -19.62281  
163.500   -19.65960  
164.000   -19.69633  
164.500   -19.73300  
165.000   -19.76962  
165.500   -19.80617  
166.000   -19.84266  
166.500   -19.87909  
167.000   -19.91547  
167.500   -19.95178  
168.000   -19.98803  
168.500   -20.02423  
169.000   -20.06036  
169.500   -20.09643  
170.000   -20.13244  
170.500   -20.16840  
171.000   -20.20429  
171.500   -20.24012  
172.000   -20.27589  
172.500   -20.31160  
173.000   -20.34726  
173.500   -20.38285  
174.000   -20.41838  
174.500   -20.45385  
175.000   -20.48926  
175.500   -20.52461  
176.000   -20.55990  
176.500   -20.59513  
177.000   -20.63030  
177.500   -20.66541  
178.000   -20.70046  
178.500   -20.73545  
179.000   -20.77038  
179.500   -20.80524  
180.000   -20.84005  
180.500   -20.87480  
181.000   -20.90949  
181.500   -20.94411  
182.000   -20.97868  
182.500   -21.01319  
183.000   -21.04764  
183.500   -21.08202  
184.000   -21.11635  
184.500   -21.15061  
185.000   -21.18482  
185.500   -21.21896  
186.000   -21.25305  
186.500   -21.28707  
187.000   -21.32104  
187.500   -21.35494  
188.000   -21.38879  
188.500   -21.42257  
189.000   -21.45630  
189.500   -21.48996  
190.000   -21.52357  
190.500   -21.55711  
191.000   -21.59059  
191.500   -21.62402  
192.000   -21.65738  
192.500   -21.69069  
193.000   -21.72393  
193.500   -21.75712  
194.000   -21.79024  
194.500   -21.82330  
195.000   -21.85631  
195.500   -21.88925  
196.000   -21.92214  
196.500   -21.95497  
197.000   -21.98773  
197.500   -22.02044  
198.000   -22.05308  
198.500   -22.08567  
199.000   -22.11820  
199.500   -22.15067  
200.000   -22.18308  
200.500   -22.21543  
201.000   -22.24772  
201.500   -22.27995  
202.000   -22.31212  
202.500   -22.34423  
203.000   -22.37628  
203.500   -22.40828  
204.000   -22.44021  
204.500   -22.47209  
205.000   -22.50390  
205.500   -22.53566  
206.000   -22.56736  
206.500   -22.59900  
207.000   -22.63058  
207.500   -22.66210  
208.000   -22.69357  
208.500   -22.72497  
209.000   -22.75632  
209.500   -22.78761  
210.000   -22.81883  
210.500   -22.85001  
211.000   -22.88112  
211.500   -22.91217  
212.000   -22.94317  
212.500   -22.97411  
213.000   -23.00499  
213.500   -23.03581  
214.000   -23.06657  
214.500   -23.09728  
215.000   -23.12793  
215.500   -23.15852  
216.000   -23.18905  
216.500   -23.21952  
217.000   -23.24994  
217.500   -23.28030  
218.000   -23.31060  
218.500   -23.34085  
219.000   -23.37103  
219.500   -23.40116  
220.000   -23.43124  
220.500   -23.46125  
221.000   -23.49121  
221.500   -23.52112  
222.000   -23.55096  
222.500   -23.58075  
223.000   -23.61048  
223.500   -23.64016  
224.000   -23.66978  
224.500   -23.69934  
225.000   -23.72884  
225.500   -23.75829  
226.000   -23.78769  
226.500   -23.81702  
227.000   -23.84631  
227.500   -23.87553  
228.000   -23.90470  
228.500   -23.93382  
229.000   -23.96287  
229.500   -23.99188  
230.000   -24.02082  
230.500   -24.04972  
231.000   -24.07855  
231.500   -24.10733  
232.000   -24.13606  
232.500   -24.16473  
233.000   -24.19335  
233.500   -24.22191  
234.000   -24.25041  
234.500   -24.27887  
235.000   -24.30726  
235.500   -24.33561  
236.000   -24.36390  
236.500   -24.39213  
237.000   -24.42031  
237.500   -24.44844  
238.000   -24.47651  
238.500   -24.50453  
239.000   -24.53249  
239.500   -24.56040  
240.000   -24.58826  
240.500   -24.61606  
241.000   -24.64381  
241.500   -24.67151  
242.000   -24.69916  
242.500   -24.72675  
243.000   -24.75429  
243.500   -24.78177  
244.000   -24.80921  
244.500   -24.83659  
245.000   -24.86391  
245.500   -24.89119  
246.000   -24.91841  
246.500   -24.94559  
247.000   -24.97271  
247.500   -24.99977  
248.000   -25.02679  
248.500   -25.05375  
249.000   -25.08067  
249.500   -25.10753  
250.000   -25.13434  
250.500   -25.16110  
251.000   -25.18780  
251.500   -25.21446  
252.000   -25.24107  
252.500   -25.26762  
253.000   -25.29413  
253.500   -25.32058  
254.000   -25.34699  
254.500   -25.37334  
255.000   -25.39964  
255.500   -25.42590  
256.000   -25.45210  
256.500   -25.47825  
257.000   -25.50436  
257.500   -25.53041  
258.000   -25.55642  
258.500   -25.58238  
259.000   -25.60828  
259.500   -25.63414  
260.000   -25.65995  
260.500   -25.68571  
261.000   -25.71143  
261.500   -25.73709  
262.000   -25.76271  
262.500   -25.78827  
263.000   -25.81379  
263.500   -25.83926  
264.000   -25.86469  
264.500   -25.89006  
265.000   -25.91539  
265.500   -25.94067  
266.000   -25.96591  
266.500   -25.99109  
267.000   -26.01623  
267.500   -26.04133  
268.000   -26.06637  
268.500   -26.09137  
269.000   -26.11633  
269.500   -26.14123  
270.000   -26.16609  
270.500   -26.19091  
271.000   -26.21568  
271.500   -26.24040  
272.000   -26.26508  
272.500   -26.28971  
273.000   -26.31430  
273.500   -26.33884  
274.000   -26.36334  
274.500   -26.38779  
275.000   -26.41220  
275.500   -26.43656  
276.000   -26.46088  
276.500   -26.48515  
277.000   -26.50938  
277.500   -26.53357  
278.000   -26.55771  
278.500   -26.58181  
279.000   -26.60586  
279.500   -26.62987  
280.000   -26.65384  
280.500   -26.67776  
281.000   -26.70165  
281.500   -26.72548  
282.000   -26.74928  
282.500   -26.77303  
283.000   -26.79675  
283.500   -26.82041  
284.000   -26.84404  
284.500   -26.86763  
285.000   -26.89117  
285.500   -26.91467  
286.000   -26.93813  
286.500   -26.96155  
287.000   -26.98493  
287.500   -27.00827  
288.000   -27.03156  
288.500   -27.05482  
289.000   -27.07803  
289.500   -27.10121  
290.000   -27.12434  
290.500   -27.14743  
291.000   -27.17049  
291.500   -27.19350  
292.000   -27.21648  
292.500   -27.23941  
293.000   -27.26231  
293.500   -27.28517  
294.000   -27.30798  
294.500   -27.33076  
295.000   -27.35350  
295.500   -27.37620  
296.000   -27.39887  
296.500   -27.42149  
297.000   -27.44408  
297.500   -27.46663  
298.000   -27.48914  
298.500   -27.51161  
299.000   -27.53405  
299.500   -27.55645  
300.000   -27.57881  
300.500   -27.60114  
301.000   -27.62343  
301.500   -27.64568  
302.000   -27.66789  
302.500   -27.69007  
303.000   -27.71222  
303.500   -27.73432  
304.000   -27.75640  
304.500   -27.77843  
305.000   -27.80043  
305.500   -27.82240  
306.000   -27.84433  
306.500   -27.86622  
307.000   -27.88808  
307.500   -27.90991  
308.000   -27.93170  
308.500   -27.95346  
309.000   -27.97518  
309.500   -27.99687  
310.000   -28.01852  
310.500   -28.04014  
311.000   -28.06173  
311.500   -28.08329  
312.000   -28.10481  
312.500   -28.12630  
313.000   -28.14775  
313.500   -28.16917  
314.000   -28.19056  
314.500   -28.21192  
315.000   -28.23325  
315.500   -28.25454  
316.000   -28.27581  
316.500   -28.29704  
317.000   -28.31824  
317.500   -28.33940  
318.000   -28.36054  
318.500   -28.38165  
319.000   -28.40272  
319.500   -28.42377  
320.000   -28.44478  
320.500   -28.46576  
321.000   -28.48672  
321.500   -28.50764  
322.000   -28.52853  
322.500   -28.54940  
323.000   -28.57023  
323.500   -28.59104  
324.000   -28.61182  
324.500   -28.63256  
325.000   -28.65328  
325.500   -28.67397  
326.000   -28.69463  
326.500   -28.71527  
327.000   -28.73587  
327.500   -28.75645  
328.000   -28.77700  
328.500   -28.79752  
329.000   -28.81802  
329.500   -28.83849  
330.000   -28.85893  
330.500   -28.87934  
331.000   -28.89973  
331.500   -28.92009  
332.000   -28.94042  
332.500   -28.96073  
333.000   -28.98101  
333.500   -29.00127  
334.000   -29.02150  
334.500   -29.04170  
335.000   -29.06188  
335.500   -29.08204  
336.000   -29.10217  
336.500   -29.12227  
337.000   -29.14235  
337.500   -29.16241  
338.000   -29.18244  
338.500   -29.20245  
339.000   -29.22243  
339.500   -29.24239  
340.000   -29.26233  
340.500   -29.28224  
341.000   -29.30213  
341.500   -29.32199  
342.000   -29.34184  
342.500   -29.36166  
343.000   -29.38145  
343.500   -29.40123  
344.000   -29.42098  
344.500   -29.44071  
345.000   -29.46042  
345.500   -29.48011  
346.000   -29.49978  
346.500   -29.51942  
347.000   -29.53904  
347.500   -29.55865  
348.000   -29.57823  
348.500   -29.59779  
349.000   -29.61733  
349.500   -29.63685  
350.000   -29.65635  
