# Tlab      phaseshift	pwa93   
  0.000     0.00000  
  0.005     0.00000  
  0.010     0.00000  
  0.015     0.00000  
  0.020     0.00000  
  0.040    -0.00000  
  0.060     0.00000  
  0.080    -0.00000  
  0.100     0.00000  
  0.120     0.00000  
  0.140     0.00000  
  0.160     0.00000  
  0.180     0.00000  
  0.200     0.00000  
  0.220     0.00000  
  0.240     0.00000  
  0.260     0.00000  
  0.280     0.00001  
  0.300     0.00001  
  0.320     0.00001  
  0.340     0.00001  
  0.360     0.00001  
  0.380     0.00001  
  0.400     0.00001  
  0.420     0.00001  
  0.440     0.00001  
  0.460     0.00002  
  0.480     0.00002  
  0.500     0.00002  
  1.000     0.00010  
  1.500     0.00024  
  2.000     0.00044  
  2.500     0.00068  
  3.000     0.00096  
  3.500     0.00126  
  4.000     0.00159  
  4.500     0.00193  
  5.000     0.00227  
  5.500     0.00263  
  6.000     0.00298  
  6.500     0.00335  
  7.000     0.00372  
  7.500     0.00409  
  8.000     0.00447  
  8.500     0.00487  
  9.000     0.00528  
  9.500     0.00571  
 10.000     0.00615  
 10.500     0.00663  
 11.000     0.00713  
 11.500     0.00767  
 12.000     0.00824  
 12.500     0.00886  
 13.000     0.00952  
 13.500     0.01023  
 14.000     0.01100  
 14.500     0.01182  
 15.000     0.01270  
 15.500     0.01365  
 16.000     0.01467  
 16.500     0.01576  
 17.000     0.01692  
 17.500     0.01816  
 18.000     0.01948  
 18.500     0.02088  
 19.000     0.02237  
 19.500     0.02395  
 20.000     0.02562  
 20.500     0.02738  
 21.000     0.02924  
 21.500     0.03119  
 22.000     0.03324  
 22.500     0.03540  
 23.000     0.03765  
 23.500     0.04001  
 24.000     0.04247  
 24.500     0.04504  
 25.000     0.04772  
 25.500     0.05051  
 26.000     0.05340  
 26.500     0.05641  
 27.000     0.05952  
 27.500     0.06275  
 28.000     0.06609  
 28.500     0.06955  
 29.000     0.07311  
 29.500     0.07679  
 30.000     0.08059  
 30.500     0.08450  
 31.000     0.08852  
 31.500     0.09266  
 32.000     0.09691  
 32.500     0.10128  
 33.000     0.10576  
 33.500     0.11036  
 34.000     0.11507  
 34.500     0.11990  
 35.000     0.12484  
 35.500     0.12989  
 36.000     0.13506  
 36.500     0.14034  
 37.000     0.14573  
 37.500     0.15124  
 38.000     0.15686  
 38.500     0.16259  
 39.000     0.16843  
 39.500     0.17438  
 40.000     0.18044  
 40.500     0.18661  
 41.000     0.19289  
 41.500     0.19928  
 42.000     0.20577  
 42.500     0.21237  
 43.000     0.21908  
 43.500     0.22589  
 44.000     0.23281  
 44.500     0.23983  
 45.000     0.24695  
 45.500     0.25418  
 46.000     0.26150  
 46.500     0.26893  
 47.000     0.27646  
 47.500     0.28409  
 48.000     0.29181  
 48.500     0.29964  
 49.000     0.30756  
 49.500     0.31557  
 50.000     0.32368  
 50.500     0.33188  
 51.000     0.34018  
 51.500     0.34857  
 52.000     0.35705  
 52.500     0.36562  
 53.000     0.37428  
 53.500     0.38302  
 54.000     0.39186  
 54.500     0.40078  
 55.000     0.40979  
 55.500     0.41888  
 56.000     0.42805  
 56.500     0.43731  
 57.000     0.44665  
 57.500     0.45607  
 58.000     0.46558  
 58.500     0.47515  
 59.000     0.48481  
 59.500     0.49455  
 60.000     0.50436  
 60.500     0.51425  
 61.000     0.52421  
 61.500     0.53424  
 62.000     0.54435  
 62.500     0.55453  
 63.000     0.56478  
 63.500     0.57510  
 64.000     0.58548  
 64.500     0.59594  
 65.000     0.60646  
 65.500     0.61705  
 66.000     0.62770  
 66.500     0.63841  
 67.000     0.64919  
 67.500     0.66003  
 68.000     0.67094  
 68.500     0.68190  
 69.000     0.69292  
 69.500     0.70400  
 70.000     0.71514  
 70.500     0.72634  
 71.000     0.73759  
 71.500     0.74889  
 72.000     0.76025  
 72.500     0.77166  
 73.000     0.78313  
 73.500     0.79465  
 74.000     0.80621  
 74.500     0.81783  
 75.000     0.82949  
 75.500     0.84120  
 76.000     0.85296  
 76.500     0.86477  
 77.000     0.87662  
 77.500     0.88852  
 78.000     0.90045  
 78.500     0.91244  
 79.000     0.92446  
 79.500     0.93652  
 80.000     0.94863  
 80.500     0.96077  
 81.000     0.97295  
 81.500     0.98517  
 82.000     0.99743  
 82.500     1.00972  
 83.000     1.02205  
 83.500     1.03442  
 84.000     1.04681  
 84.500     1.05924  
 85.000     1.07170  
 85.500     1.08420  
 86.000     1.09672  
 86.500     1.10928  
 87.000     1.12186  
 87.500     1.13447  
 88.000     1.14711  
 88.500     1.15978  
 89.000     1.17247  
 89.500     1.18519  
 90.000     1.19793  
 90.500     1.21070  
 91.000     1.22349  
 91.500     1.23630  
 92.000     1.24914  
 92.500     1.26199  
 93.000     1.27487  
 93.500     1.28777  
 94.000     1.30068  
 94.500     1.31361  
 95.000     1.32657  
 95.500     1.33953  
 96.000     1.35252  
 96.500     1.36552  
 97.000     1.37854  
 97.500     1.39157  
 98.000     1.40461  
 98.500     1.41767  
 99.000     1.43074  
 99.500     1.44382  
100.000     1.45691  
100.500     1.47002  
101.000     1.48313  
101.500     1.49625  
102.000     1.50938  
102.500     1.52252  
103.000     1.53567  
103.500     1.54883  
104.000     1.56199  
104.500     1.57515  
105.000     1.58833  
105.500     1.60150  
106.000     1.61468  
106.500     1.62787  
107.000     1.64105  
107.500     1.65424  
108.000     1.66744  
108.500     1.68063  
109.000     1.69382  
109.500     1.70702  
110.000     1.72021  
110.500     1.73340  
111.000     1.74660  
111.500     1.75979  
112.000     1.77297  
112.500     1.78616  
113.000     1.79934  
113.500     1.81252  
114.000     1.82569  
114.500     1.83886  
115.000     1.85202  
115.500     1.86518  
116.000     1.87833  
116.500     1.89148  
117.000     1.90461  
117.500     1.91774  
118.000     1.93086  
118.500     1.94398  
119.000     1.95708  
119.500     1.97018  
120.000     1.98326  
120.500     1.99634  
121.000     2.00940  
121.500     2.02245  
122.000     2.03549  
122.500     2.04852  
123.000     2.06154  
123.500     2.07454  
124.000     2.08753  
124.500     2.10051  
125.000     2.11347  
125.500     2.12642  
126.000     2.13935  
126.500     2.15227  
127.000     2.16517  
127.500     2.17806  
128.000     2.19093  
128.500     2.20378  
129.000     2.21662  
129.500     2.22944  
130.000     2.24224  
130.500     2.25502  
131.000     2.26779  
131.500     2.28053  
132.000     2.29326  
132.500     2.30597  
133.000     2.31865  
133.500     2.33132  
134.000     2.34397  
134.500     2.35659  
135.000     2.36920  
135.500     2.38178  
136.000     2.39434  
136.500     2.40688  
137.000     2.41939  
137.500     2.43189  
138.000     2.44436  
138.500     2.45680  
139.000     2.46923  
139.500     2.48163  
140.000     2.49400  
140.500     2.50635  
141.000     2.51868  
141.500     2.53098  
142.000     2.54325  
142.500     2.55550  
143.000     2.56773  
143.500     2.57992  
144.000     2.59209  
144.500     2.60424  
145.000     2.61636  
145.500     2.62845  
146.000     2.64051  
146.500     2.65254  
147.000     2.66455  
147.500     2.67653  
148.000     2.68848  
148.500     2.70040  
149.000     2.71230  
149.500     2.72416  
150.000     2.73600  
150.500     2.74780  
151.000     2.75958  
151.500     2.77132  
152.000     2.78304  
152.500     2.79472  
153.000     2.80638  
153.500     2.81800  
154.000     2.82959  
154.500     2.84116  
155.000     2.85269  
155.500     2.86418  
156.000     2.87565  
156.500     2.88708  
157.000     2.89849  
157.500     2.90986  
158.000     2.92120  
158.500     2.93250  
159.000     2.94377  
159.500     2.95501  
160.000     2.96622  
160.500     2.97739  
161.000     2.98853  
161.500     2.99963  
162.000     3.01071  
162.500     3.02174  
163.000     3.03275  
163.500     3.04372  
164.000     3.05465  
164.500     3.06555  
165.000     3.07642  
165.500     3.08725  
166.000     3.09804  
166.500     3.10880  
167.000     3.11953  
167.500     3.13022  
168.000     3.14087  
168.500     3.15149  
169.000     3.16207  
169.500     3.17262  
170.000     3.18313  
170.500     3.19360  
171.000     3.20404  
171.500     3.21444  
172.000     3.22481  
172.500     3.23513  
173.000     3.24543  
173.500     3.25568  
174.000     3.26590  
174.500     3.27608  
175.000     3.28622  
175.500     3.29633  
176.000     3.30640  
176.500     3.31643  
177.000     3.32643  
177.500     3.33638  
178.000     3.34630  
178.500     3.35618  
179.000     3.36603  
179.500     3.37583  
180.000     3.38560  
180.500     3.39533  
181.000     3.40502  
181.500     3.41467  
182.000     3.42429  
182.500     3.43387  
183.000     3.44340  
183.500     3.45290  
184.000     3.46236  
184.500     3.47179  
185.000     3.48117  
185.500     3.49051  
186.000     3.49982  
186.500     3.50909  
187.000     3.51831  
187.500     3.52750  
188.000     3.53665  
188.500     3.54576  
189.000     3.55483  
189.500     3.56387  
190.000     3.57286  
190.500     3.58181  
191.000     3.59073  
191.500     3.59960  
192.000     3.60844  
192.500     3.61723  
193.000     3.62599  
193.500     3.63471  
194.000     3.64338  
194.500     3.65202  
195.000     3.66062  
195.500     3.66918  
196.000     3.67770  
196.500     3.68618  
197.000     3.69462  
197.500     3.70301  
198.000     3.71137  
198.500     3.71969  
199.000     3.72797  
199.500     3.73621  
200.000     3.74441  
200.500     3.75257  
201.000     3.76069  
201.500     3.76878  
202.000     3.77682  
202.500     3.78482  
203.000     3.79278  
203.500     3.80070  
204.000     3.80858  
204.500     3.81642  
205.000     3.82422  
205.500     3.83198  
206.000     3.83970  
206.500     3.84739  
207.000     3.85503  
207.500     3.86263  
208.000     3.87019  
208.500     3.87771  
209.000     3.88519  
209.500     3.89263  
210.000     3.90003  
210.500     3.90740  
211.000     3.91472  
211.500     3.92200  
212.000     3.92924  
212.500     3.93644  
213.000     3.94361  
213.500     3.95073  
214.000     3.95781  
214.500     3.96485  
215.000     3.97186  
215.500     3.97882  
216.000     3.98574  
216.500     3.99263  
217.000     3.99947  
217.500     4.00627  
218.000     4.01304  
218.500     4.01976  
219.000     4.02645  
219.500     4.03309  
220.000     4.03970  
220.500     4.04626  
221.000     4.05279  
221.500     4.05928  
222.000     4.06573  
222.500     4.07213  
223.000     4.07850  
223.500     4.08483  
224.000     4.09112  
224.500     4.09737  
225.000     4.10358  
225.500     4.10976  
226.000     4.11589  
226.500     4.12198  
227.000     4.12804  
227.500     4.13406  
228.000     4.14003  
228.500     4.14597  
229.000     4.15187  
229.500     4.15773  
230.000     4.16355  
230.500     4.16933  
231.000     4.17508  
231.500     4.18078  
232.000     4.18645  
232.500     4.19207  
233.000     4.19766  
233.500     4.20321  
234.000     4.20872  
234.500     4.21420  
235.000     4.21963  
235.500     4.22503  
236.000     4.23039  
236.500     4.23571  
237.000     4.24099  
237.500     4.24623  
238.000     4.25144  
238.500     4.25661  
239.000     4.26174  
239.500     4.26683  
240.000     4.27188  
240.500     4.27690  
241.000     4.28188  
241.500     4.28682  
242.000     4.29172  
242.500     4.29659  
243.000     4.30142  
243.500     4.30621  
244.000     4.31096  
244.500     4.31568  
245.000     4.32035  
245.500     4.32500  
246.000     4.32960  
246.500     4.33417  
247.000     4.33870  
247.500     4.34319  
248.000     4.34765  
248.500     4.35206  
249.000     4.35645  
249.500     4.36079  
250.000     4.36510  
250.500     4.36937  
251.000     4.37361  
251.500     4.37781  
252.000     4.38197  
252.500     4.38610  
253.000     4.39019  
253.500     4.39424  
254.000     4.39826  
254.500     4.40224  
255.000     4.40619  
255.500     4.41010  
256.000     4.41397  
256.500     4.41781  
257.000     4.42162  
257.500     4.42538  
258.000     4.42911  
258.500     4.43281  
259.000     4.43647  
259.500     4.44010  
260.000     4.44369  
260.500     4.44724  
261.000     4.45076  
261.500     4.45424  
262.000     4.45769  
262.500     4.46111  
263.000     4.46449  
263.500     4.46783  
264.000     4.47114  
264.500     4.47442  
265.000     4.47766  
265.500     4.48087  
266.000     4.48404  
266.500     4.48718  
267.000     4.49028  
267.500     4.49335  
268.000     4.49639  
268.500     4.49939  
269.000     4.50235  
269.500     4.50529  
270.000     4.50819  
270.500     4.51105  
271.000     4.51389  
271.500     4.51669  
272.000     4.51945  
272.500     4.52218  
273.000     4.52488  
273.500     4.52755  
274.000     4.53018  
274.500     4.53278  
275.000     4.53535  
275.500     4.53788  
276.000     4.54038  
276.500     4.54285  
277.000     4.54529  
277.500     4.54769  
278.000     4.55006  
278.500     4.55240  
279.000     4.55471  
279.500     4.55698  
280.000     4.55922  
280.500     4.56143  
281.000     4.56361  
281.500     4.56575  
282.000     4.56787  
282.500     4.56995  
283.000     4.57200  
283.500     4.57402  
284.000     4.57601  
284.500     4.57796  
285.000     4.57989  
285.500     4.58178  
286.000     4.58364  
286.500     4.58548  
287.000     4.58728  
287.500     4.58904  
288.000     4.59078  
288.500     4.59249  
289.000     4.59417  
289.500     4.59581  
290.000     4.59743  
290.500     4.59902  
291.000     4.60057  
291.500     4.60210  
292.000     4.60359  
292.500     4.60506  
293.000     4.60649  
293.500     4.60790  
294.000     4.60927  
294.500     4.61062  
295.000     4.61193  
295.500     4.61322  
296.000     4.61448  
296.500     4.61570  
297.000     4.61690  
297.500     4.61807  
298.000     4.61921  
298.500     4.62032  
299.000     4.62140  
299.500     4.62246  
300.000     4.62348  
300.500     4.62448  
301.000     4.62544  
301.500     4.62638  
302.000     4.62729  
302.500     4.62817  
303.000     4.62903  
303.500     4.62985  
304.000     4.63065  
304.500     4.63142  
305.000     4.63216  
305.500     4.63287  
306.000     4.63356  
306.500     4.63422  
307.000     4.63485  
307.500     4.63545  
308.000     4.63602  
308.500     4.63657  
309.000     4.63709  
309.500     4.63759  
310.000     4.63805  
310.500     4.63849  
311.000     4.63891  
311.500     4.63929  
312.000     4.63965  
312.500     4.63998  
313.000     4.64029  
313.500     4.64057  
314.000     4.64082  
314.500     4.64105  
315.000     4.64125  
315.500     4.64142  
316.000     4.64157  
316.500     4.64169  
317.000     4.64179  
317.500     4.64186  
318.000     4.64190  
318.500     4.64192  
319.000     4.64192  
319.500     4.64189  
320.000     4.64183  
320.500     4.64175  
321.000     4.64164  
321.500     4.64151  
322.000     4.64135  
322.500     4.64117  
323.000     4.64096  
323.500     4.64073  
324.000     4.64047  
324.500     4.64019  
325.000     4.63988  
325.500     4.63955  
326.000     4.63920  
326.500     4.63882  
327.000     4.63841  
327.500     4.63799  
328.000     4.63753  
328.500     4.63706  
329.000     4.63656  
329.500     4.63604  
330.000     4.63549  
330.500     4.63492  
331.000     4.63433  
331.500     4.63371  
332.000     4.63307  
332.500     4.63240  
333.000     4.63172  
333.500     4.63101  
334.000     4.63027  
334.500     4.62952  
335.000     4.62874  
335.500     4.62793  
336.000     4.62711  
336.500     4.62626  
337.000     4.62539  
337.500     4.62450  
338.000     4.62359  
338.500     4.62265  
339.000     4.62169  
339.500     4.62071  
340.000     4.61970  
340.500     4.61868  
341.000     4.61763  
341.500     4.61656  
342.000     4.61547  
342.500     4.61436  
343.000     4.61323  
343.500     4.61207  
344.000     4.61089  
344.500     4.60970  
345.000     4.60848  
345.500     4.60724  
346.000     4.60597  
346.500     4.60469  
347.000     4.60339  
347.500     4.60206  
348.000     4.60072  
348.500     4.59935  
349.000     4.59797  
349.500     4.59656  
350.000     4.59513  
