#  Tlab    phaseshift      pwa93   
  0.000     0.00000  
  0.005    0.00000
  0.010    0.00000
  0.015    0.00000
  0.020    0.00000
  0.040    0.00000
  0.060    0.00000
  0.080    0.00000
  0.100    0.00000
  0.120    0.00000
  0.140    0.00000
  0.160    0.00000
  0.180    0.00000
  0.200    0.00000
  0.220    0.00000
  0.240    0.00000
  0.260    0.00000
  0.280    0.00000
  0.300    0.00000
  0.320    0.00000
  0.340    0.00000
  0.360    0.00000
  0.380    0.00000
  0.400    0.00000
  0.420    0.00000
  0.440    0.00000
  0.460    0.00000
  0.480    0.00000
  0.500     0.00000  
  1.000     0.00001  
  1.500     0.00004  
  2.000     0.00009  
  2.500     0.00019  
  3.000     0.00034  
  3.500     0.00058  
  4.000     0.00083  
  4.500     0.00122  
  5.000     0.00161  
  5.500     0.00218  
  6.000     0.00274  
  6.500     0.00349  
  7.000     0.00424  
  7.500     0.00518  
  8.000     0.00612  
  8.500     0.00725  
  9.000     0.00839  
  9.500     0.00972  
 10.000     0.01105  
 10.500     0.01262  
 11.000     0.01429  
 11.500     0.01586  
 12.000     0.01752  
 12.500     0.01946  
 13.000     0.02149  
 13.500     0.02343  
 14.000     0.02546  
 14.500     0.02774  
 15.000     0.03010  
 15.500     0.03239  
 16.000     0.03475  
 16.500     0.03734  
 17.000     0.04001  
 17.500     0.04261  
 18.000     0.04527  
 18.500     0.04814  
 19.000     0.05108  
 19.500     0.05396  
 20.000     0.05690  
 20.500     0.06002  
 21.000     0.06321  
 21.500     0.06634  
 22.000     0.06952  
 22.500     0.07287  
 23.000     0.07627  
 23.500     0.07964  
 24.000     0.08302  
 24.500     0.08651  
 25.000     0.09007  
 25.500     0.09366  
 26.000     0.09730  
 26.500     0.10103  
 27.000     0.10479  
 27.500     0.10851  
 28.000     0.11227  
 28.500     0.11614  
 29.000     0.12005  
 29.500     0.12391  
 30.000     0.12783  
 30.500     0.13190  
 31.000     0.13604  
 31.500     0.14016  
 32.000     0.14426  
 32.500     0.14836  
 33.000     0.15247  
 33.500     0.15658  
 34.000     0.16068  
 34.500     0.16475  
 35.000     0.16889  
 35.500     0.17319  
 36.000     0.17756  
 36.500     0.18191  
 37.000     0.18624  
 37.500     0.19057  
 38.000     0.19491  
 38.500     0.19925  
 39.000     0.20358  
 39.500     0.20789  
 40.000     0.21226  
 40.500     0.21672  
 41.000     0.22124  
 41.500     0.22574  
 42.000     0.23023  
 42.500     0.23472  
 43.000     0.23922  
 43.500     0.24371  
 44.000     0.24820  
 44.500     0.25268  
 45.000     0.25719  
 45.500     0.26176  
 46.000     0.26637  
 46.500     0.27097  
 47.000     0.27556  
 47.500     0.28015  
 48.000     0.28475  
 48.500     0.28934  
 49.000     0.29393  
 49.500     0.29852  
 50.000     0.30312  
 50.500     0.30776  
 51.000     0.31242  
 51.500     0.31707  
 52.000     0.32172  
 52.500     0.32637  
 53.000     0.33102  
 53.500     0.33567  
 54.000     0.34032  
 54.500     0.34497  
 55.000     0.34962  
 55.500     0.35429  
 56.000     0.35897  
 56.500     0.36364  
 57.000     0.36832  
 57.500     0.37299  
 58.000     0.37766  
 58.500     0.38234  
 59.000     0.38701  
 59.500     0.39169  
 60.000     0.39636  
 60.500     0.40104  
 61.000     0.40571  
 61.500     0.41038  
 62.000     0.41505  
 62.500     0.41973  
 63.000     0.42440  
 63.500     0.42907  
 64.000     0.43375  
 64.500     0.43842  
 65.000     0.44309  
 65.500     0.44775  
 66.000     0.45239  
 66.500     0.45705  
 67.000     0.46170  
 67.500     0.46635  
 68.000     0.47100  
 68.500     0.47565  
 69.000     0.48030  
 69.500     0.48496  
 70.000     0.48961  
 70.500     0.49423  
 71.000     0.49883  
 71.500     0.50345  
 72.000     0.50806  
 72.500     0.51268  
 73.000     0.51729  
 73.500     0.52190  
 74.000     0.52652  
 74.500     0.53114  
 75.000     0.53574  
 75.500     0.54031  
 76.000     0.54487  
 76.500     0.54943  
 77.000     0.55399  
 77.500     0.55856  
 78.000     0.56312  
 78.500     0.56768  
 79.000     0.57224  
 79.500     0.57681  
 80.000     0.58137  
 80.500     0.58587  
 81.000     0.59036  
 81.500     0.59486  
 82.000     0.59936  
 82.500     0.60386  
 83.000     0.60836  
 83.500     0.61286  
 84.000     0.61736  
 84.500     0.62187  
 85.000     0.62636  
 85.500     0.63080  
 86.000     0.63521  
 86.500     0.63964  
 87.000     0.64407  
 87.500     0.64849  
 88.000     0.65292  
 88.500     0.65734  
 89.000     0.66177  
 89.500     0.66621  
 90.000     0.67063  
 90.500     0.67498  
 91.000     0.67932  
 91.500     0.68366  
 92.000     0.68800  
 92.500     0.69235  
 93.000     0.69669  
 93.500     0.70103  
 94.000     0.70538  
 94.500     0.70974  
 95.000     0.71407  
 95.500     0.71834  
 96.000     0.72258  
 96.500     0.72683  
 97.000     0.73109  
 97.500     0.73535  
 98.000     0.73960  
 98.500     0.74385  
 99.000     0.74811  
 99.500     0.75238  
100.000     0.75662  
100.500     0.76078  
101.000     0.76489  
101.500     0.76897  
102.000     0.77304  
102.500     0.77712  
103.000     0.78123  
103.500     0.78534  
104.000     0.78946  
104.500     0.79357  
105.000     0.79768  
105.500     0.80178  
106.000     0.80588  
106.500     0.80997  
107.000     0.81407  
107.500     0.81817  
108.000     0.82230  
108.500     0.82644  
109.000     0.83058  
109.500     0.83468  
110.000     0.83872  
110.500     0.84267  
111.000     0.84655  
111.500     0.85040  
112.000     0.85425  
112.500     0.85811  
113.000     0.86199  
113.500     0.86588  
114.000     0.86978  
114.500     0.87367  
115.000     0.87755  
115.500     0.88143  
116.000     0.88531  
116.500     0.88918  
117.000     0.89305  
117.500     0.89694  
118.000     0.90084  
118.500     0.90476  
119.000     0.90868  
119.500     0.91256  
120.000     0.91637  
120.500     0.92008  
121.000     0.92372  
121.500     0.92732  
122.000     0.93091  
122.500     0.93452  
123.000     0.93816  
123.500     0.94180  
124.000     0.94545  
124.500     0.94909  
125.000     0.95273  
125.500     0.95636  
126.000     0.95999  
126.500     0.96361  
127.000     0.96723  
127.500     0.97087  
128.000     0.97453  
128.500     0.97821  
129.000     0.98188  
129.500     0.98552  
130.000     0.98907  
130.500     0.99251  
131.000     0.99588  
131.500     0.99921  
132.000     1.00252  
132.500     1.00586  
133.000     1.00923  
133.500     1.01260  
134.000     1.01598  
134.500     1.01935  
135.000     1.02272  
135.500     1.02608  
136.000     1.02944  
136.500     1.03279  
137.000     1.03614  
137.500     1.03950  
138.000     1.04289  
138.500     1.04631  
139.000     1.04971  
139.500     1.05307  
140.000     1.05635  
140.500     1.05951  
141.000     1.06259  
141.500     1.06562  
142.000     1.06864  
142.500     1.07169  
143.000     1.07476  
143.500     1.07784  
144.000     1.08093  
144.500     1.08401  
145.000     1.08708  
145.500     1.09015  
146.000     1.09322  
146.500     1.09627  
147.000     1.09933  
147.500     1.10241  
148.000     1.10550  
148.500     1.10863  
149.000     1.11175  
149.500     1.11482  
150.000     1.11779  
150.500     1.12065  
151.000     1.12342  
151.500     1.12613  
152.000     1.12884  
152.500     1.13158  
153.000     1.13434  
153.500     1.13711  
154.000     1.13989  
154.500     1.14266  
155.000     1.14543  
155.500     1.14818  
156.000     1.15094  
156.500     1.15368  
157.000     1.15643  
157.500     1.15918  
158.000     1.16194  
158.500     1.16471  
159.000     1.16751  
159.500     1.17031  
160.000     1.17303  
160.500     1.17560  
161.000     1.17804  
161.500     1.18041  
162.000     1.18277  
162.500     1.18517  
163.000     1.18760  
163.500     1.19005  
164.000     1.19251  
164.500     1.19496  
165.000     1.19740  
165.500     1.19983  
166.000     1.20225  
166.500     1.20467  
167.000     1.20709  
167.500     1.20953  
168.000     1.21199  
168.500     1.21448  
169.000     1.21697  
169.500     1.21940  
170.000     1.22173  
170.500     1.22393  
171.000     1.22603  
171.500     1.22807  
172.000     1.23010  
172.500     1.23217  
173.000     1.23426  
173.500     1.23637  
174.000     1.23848  
174.500     1.24058  
175.000     1.24268  
175.500     1.24477  
176.000     1.24685  
176.500     1.24893  
177.000     1.25101  
177.500     1.25310  
178.000     1.25522  
178.500     1.25738  
179.000     1.25952  
179.500     1.26161  
180.000     1.26360  
180.500     1.26545  
181.000     1.26719  
181.500     1.26888  
182.000     1.27056  
182.500     1.27227  
183.000     1.27400  
183.500     1.27576  
184.000     1.27752  
184.500     1.27927  
185.000     1.28101  
185.500     1.28275  
186.000     1.28448  
186.500     1.28620  
187.000     1.28792  
187.500     1.28967  
188.000     1.29144  
188.500     1.29324  
189.000     1.29503  
189.500     1.29677  
190.000     1.29840  
190.500     1.29988  
191.000     1.30127  
191.500     1.30259  
192.000     1.30391  
192.500     1.30526  
193.000     1.30663  
193.500     1.30802  
194.000     1.30942  
194.500     1.31081  
195.000     1.31219  
195.500     1.31356  
196.000     1.31493  
196.500     1.31630  
197.000     1.31767  
197.500     1.31905  
198.000     1.32044  
198.500     1.32186  
199.000     1.32327  
199.500     1.32465  
200.000     1.32595  
200.500     1.32717  
201.000     1.32831  
201.500     1.32937  
202.000     1.33038  
202.500     1.33134  
203.000     1.33228  
203.500     1.33321  
204.000     1.33413  
204.500     1.33507  
205.000     1.33605  
205.500     1.33706  
206.000     1.33810  
206.500     1.33916  
207.000     1.34023  
207.500     1.34130  
208.000     1.34234  
208.500     1.34336  
209.000     1.34435  
209.500     1.34527  
210.000     1.34614  
210.500     1.34693  
211.000     1.34765  
211.500     1.34832  
212.000     1.34896  
212.500     1.34955  
213.000     1.35013  
213.500     1.35071  
214.000     1.35128  
214.500     1.35187  
215.000     1.35249  
215.500     1.35314  
216.000     1.35382  
216.500     1.35452  
217.000     1.35521  
217.500     1.35590  
218.000     1.35657  
218.500     1.35722  
219.000     1.35782  
219.500     1.35836  
220.000     1.35885  
220.500     1.35926  
221.000     1.35961  
221.500     1.35990  
222.000     1.36016  
222.500     1.36038  
223.000     1.36059  
223.500     1.36079  
224.000     1.36099  
224.500     1.36120  
225.000     1.36145  
225.500     1.36172  
226.000     1.36203  
226.500     1.36235  
227.000     1.36267  
227.500     1.36298  
228.000     1.36328  
228.500     1.36354  
229.000     1.36377  
229.500     1.36394  
230.000     1.36405  
230.500     1.36408  
231.000     1.36406  
231.500     1.36398  
232.000     1.36385  
232.500     1.36370  
233.000     1.36353  
233.500     1.36335  
234.000     1.36318  
234.500     1.36302  
235.000     1.36289  
235.500     1.36279  
236.000     1.36271  
236.500     1.36265  
237.000     1.36260  
237.500     1.36254  
238.000     1.36246  
238.500     1.36235  
239.000     1.36220  
239.500     1.36199  
240.000     1.36173  
240.500     1.36139  
241.000     1.36098  
241.500     1.36053  
242.000     1.36003  
242.500     1.35951  
243.000     1.35896  
243.500     1.35841  
244.000     1.35786  
244.500     1.35733  
245.000     1.35682  
245.500     1.35634  
246.000     1.35590  
246.500     1.35546  
247.000     1.35503  
247.500     1.35460  
248.000     1.35414  
248.500     1.35365  
249.000     1.35313  
249.500     1.35255  
250.000     1.35191  
250.500     1.35120  
251.000     1.35043  
251.500     1.34960  
252.000     1.34874  
252.500     1.34784  
253.000     1.34693  
253.500     1.34601  
254.000     1.34509  
254.500     1.34418  
255.000     1.34331  
255.500     1.34246  
256.000     1.34164  
256.500     1.34084  
257.000     1.34004  
257.500     1.33923  
258.000     1.33840  
258.500     1.33755  
259.000     1.33665  
259.500     1.33571  
260.000     1.33470  
260.500     1.33362  
261.000     1.33248  
261.500     1.33129  
262.000     1.33006  
262.500     1.32881  
263.000     1.32753  
263.500     1.32624  
264.000     1.32496  
264.500     1.32369  
265.000     1.32245  
265.500     1.32124  
266.000     1.32006  
266.500     1.31889  
267.000     1.31772  
267.500     1.31655  
268.000     1.31536  
268.500     1.31414  
269.000     1.31288  
269.500     1.31157  
270.000     1.31020  
270.500     1.30877  
271.000     1.30727  
271.500     1.30572  
272.000     1.30413  
272.500     1.30252  
273.000     1.30088  
273.500     1.29924  
274.000     1.29760  
274.500     1.29598  
275.000     1.29438  
275.500     1.29281  
276.000     1.29126  
276.500     1.28973  
277.000     1.28821  
277.500     1.28668  
278.000     1.28513  
278.500     1.28355  
279.000     1.28193  
279.500     1.28027  
280.000     1.27855  
280.500     1.27676  
281.000     1.27490  
281.500     1.27301  
282.000     1.27107  
282.500     1.26910  
283.000     1.26712  
283.500     1.26513  
284.000     1.26314  
284.500     1.26116  
285.000     1.25921  
285.500     1.25729  
286.000     1.25540  
286.500     1.25352  
287.000     1.25164  
287.500     1.24976  
288.000     1.24785  
288.500     1.24593  
289.000     1.24396  
289.500     1.24195  
290.000     1.23988  
290.500     1.23774  
291.000     1.23555  
291.500     1.23331  
292.000     1.23103  
292.500     1.22872  
293.000     1.22640  
293.500     1.22407  
294.000     1.22174  
294.500     1.21942  
295.000     1.21713  
295.500     1.21487  
296.000     1.21263  
296.500     1.21041  
297.000     1.20819  
297.500     1.20596  
298.000     1.20372  
298.500     1.20145  
299.000     1.19915  
299.500     1.19680  
300.000     1.19439  
300.500     1.19192  
301.000     1.18939  
301.500     1.18682  
302.000     1.18421  
302.500     1.18157  
303.000     1.17892  
303.500     1.17626  
304.000     1.17360  
304.500     1.17096  
305.000     1.16834  
305.500     1.16574  
306.000     1.16318  
306.500     1.16062  
307.000     1.15807  
307.500     1.15551  
308.000     1.15293  
308.500     1.15033  
309.000     1.14770  
309.500     1.14502  
310.000     1.14228  
310.500     1.13949  
311.000     1.13664  
311.500     1.13375  
312.000     1.13082  
312.500     1.12786  
313.000     1.12489  
313.500     1.12191  
314.000     1.11894  
314.500     1.11598  
315.000     1.11303  
315.500     1.11012  
316.000     1.10723  
316.500     1.10435  
317.000     1.10148  
317.500     1.09860  
318.000     1.09570  
318.500     1.09278  
319.000     1.08983  
319.500     1.08683  
320.000     1.08378  
320.500     1.08068  
321.000     1.07752  
321.500     1.07431  
322.000     1.07108  
322.500     1.06781  
323.000     1.06454  
323.500     1.06125  
324.000     1.05797  
324.500     1.05470  
325.000     1.05145  
325.500     1.04823  
326.000     1.04503  
326.500     1.04184  
327.000     1.03866  
327.500     1.03547  
328.000     1.03226  
328.500     1.02903  
329.000     1.02577  
329.500     1.02247  
330.000     1.01912  
330.500     1.01571  
331.000     1.01226  
331.500     1.00876  
332.000     1.00522  
332.500     1.00167  
333.000     0.99810  
333.500     0.99452  
334.000     0.99095  
334.500     0.98738  
335.000     0.98384  
335.500     0.98032  
336.000     0.97682  
336.500     0.97334  
337.000     0.96986  
337.500     0.96637  
338.000     0.96287  
338.500     0.95935  
339.000     0.95579  
339.500     0.95220  
340.000     0.94856  
340.500     0.94486  
341.000     0.94112  
341.500     0.93734  
342.000     0.93352  
342.500     0.92968  
343.000     0.92583  
343.500     0.92198  
344.000     0.91812  
344.500     0.91428  
345.000     0.91045  
345.500     0.90665  
346.000     0.90287  
346.500     0.89910  
347.000     0.89533  
347.500     0.89156  
348.000     0.88778  
348.500     0.88397  
349.000     0.88014  
349.500     0.87626  
350.000     0.87235  
