#  Tlab    phaseshift     pwa93   
  0.000     0.00000  
  0.005    0.00000
  0.010    0.00000
  0.015    0.00000
  0.020    0.00000
  0.040    0.00000
  0.060    0.00000
  0.080    0.00000
  0.100    0.00000
  0.120    0.00000
  0.140    0.00000
  0.160    0.00000
  0.180    0.00000
  0.200    0.00000
  0.220    0.00000
  0.240    0.00000
  0.260    0.00000
  0.280    0.00000
  0.300    0.00000
  0.320    0.00000
  0.340    0.00000
  0.360    0.00000
  0.380    0.00000
  0.400    0.00000
  0.420    0.00000
  0.440    0.00000
  0.460    0.00000
  0.480    0.00000
  0.500    0.00000
  1.000     0.00000  
  1.500     0.00000  
  2.000     0.00000  
  2.500     0.00001  
  3.000     0.00001  
  3.500     0.00003  
  4.000     0.00004  
  4.500     0.00007  
  5.000     0.00009  
  5.500     0.00014  
  6.000     0.00018  
  6.500     0.00024  
  7.000     0.00031  
  7.500     0.00040  
  8.000     0.00049  
  8.500     0.00061  
  9.000     0.00073  
  9.500     0.00088  
 10.000     0.00104  
 10.500     0.00124  
 11.000     0.00146  
 11.500     0.00166  
 12.000     0.00188  
 12.500     0.00217  
 13.000     0.00248  
 13.500     0.00276  
 14.000     0.00307  
 14.500     0.00344  
 15.000     0.00384  
 15.500     0.00422  
 16.000     0.00462  
 16.500     0.00510  
 17.000     0.00560  
 17.500     0.00607  
 18.000     0.00657  
 18.500     0.00715  
 19.000     0.00775  
 19.500     0.00833  
 20.000     0.00893  
 20.500     0.00962  
 21.000     0.01033  
 21.500     0.01101  
 22.000     0.01172  
 22.500     0.01252  
 23.000     0.01334  
 23.500     0.01414  
 24.000     0.01495  
 24.500     0.01582  
 25.000     0.01673  
 25.500     0.01766  
 26.000     0.01863  
 26.500     0.01965  
 27.000     0.02069  
 27.500     0.02170  
 28.000     0.02275  
 28.500     0.02388  
 29.000     0.02504  
 29.500     0.02615  
 30.000     0.02732  
 30.500     0.02863  
 31.000     0.03000  
 31.500     0.03135  
 32.000     0.03269  
 32.500     0.03402  
 33.000     0.03537  
 33.500     0.03672  
 34.000     0.03805  
 34.500     0.03935  
 35.000     0.04073  
 35.500     0.04231  
 36.000     0.04398  
 36.500     0.04562  
 37.000     0.04723  
 37.500     0.04884  
 38.000     0.05047  
 38.500     0.05211  
 39.000     0.05372  
 39.500     0.05530  
 40.000     0.05697  
 40.500     0.05882  
 41.000     0.06077  
 41.500     0.06268  
 42.000     0.06457  
 42.500     0.06647  
 43.000     0.06838  
 43.500     0.07029  
 44.000     0.07218  
 44.500     0.07404  
 45.000     0.07599  
 45.500     0.07812  
 46.000     0.08034  
 46.500     0.08253  
 47.000     0.08469  
 47.500     0.08686  
 48.000     0.08905  
 48.500     0.09124  
 49.000     0.09340  
 49.500     0.09553  
 50.000     0.09775  
 50.500     0.10016  
 51.000     0.10264  
 51.500     0.10510  
 52.000     0.10753  
 52.500     0.10997  
 53.000     0.11242  
 53.500     0.11488  
 54.000     0.11732  
 54.500     0.11972  
 55.000     0.12221  
 55.500     0.12487  
 56.000     0.12762  
 56.500     0.13034  
 57.000     0.13304  
 57.500     0.13574  
 58.000     0.13845  
 58.500     0.14117  
 59.000     0.14387  
 59.500     0.14653  
 60.000     0.14928  
 60.500     0.15220  
 61.000     0.15521  
 61.500     0.15818  
 62.000     0.16113  
 62.500     0.16409  
 63.000     0.16706  
 63.500     0.17003  
 64.000     0.17298  
 64.500     0.17591  
 65.000     0.17891  
 65.500     0.18208  
 66.000     0.18533  
 66.500     0.18856  
 67.000     0.19176  
 67.500     0.19496  
 68.000     0.19818  
 68.500     0.20140  
 69.000     0.20460  
 69.500     0.20777  
 70.000     0.21102  
 70.500     0.21444  
 71.000     0.21793  
 71.500     0.22139  
 72.000     0.22483  
 72.500     0.22828  
 73.000     0.23173  
 73.500     0.23520  
 74.000     0.23864  
 74.500     0.24205  
 75.000     0.24554  
 75.500     0.24919  
 76.000     0.25291  
 76.500     0.25661  
 77.000     0.26028  
 77.500     0.26396  
 78.000     0.26765  
 78.500     0.27134  
 79.000     0.27502  
 79.500     0.27867  
 80.000     0.28239  
 80.500     0.28626  
 81.000     0.29020  
 81.500     0.29412  
 82.000     0.29802  
 82.500     0.30192  
 83.000     0.30584  
 83.500     0.30976  
 84.000     0.31366  
 84.500     0.31753  
 85.000     0.32147  
 85.500     0.32556  
 86.000     0.32972  
 86.500     0.33385  
 87.000     0.33797  
 87.500     0.34209  
 88.000     0.34622  
 88.500     0.35035  
 89.000     0.35447  
 89.500     0.35856  
 90.000     0.36271  
 90.500     0.36701  
 91.000     0.37138  
 91.500     0.37572  
 92.000     0.38004  
 92.500     0.38436  
 93.000     0.38870  
 93.500     0.39304  
 94.000     0.39736  
 94.500     0.40166  
 95.000     0.40602  
 95.500     0.41052  
 96.000     0.41508  
 96.500     0.41962  
 97.000     0.42414  
 97.500     0.42866  
 98.000     0.43319  
 98.500     0.43773  
 99.000     0.44225  
 99.500     0.44675  
100.000     0.45131  
100.500     0.45600  
101.000     0.46081  
101.500     0.46567  
102.000     0.47054  
102.500     0.47538  
103.000     0.48019  
103.500     0.48498  
104.000     0.48977  
104.500     0.49456  
105.000     0.49937  
105.500     0.50418  
106.000     0.50900  
106.500     0.51382  
107.000     0.51864  
107.500     0.52345  
108.000     0.52823  
108.500     0.53298  
109.000     0.53773  
109.500     0.54254  
110.000     0.54746  
110.500     0.55250  
111.000     0.55764  
111.500     0.56284  
112.000     0.56805  
112.500     0.57322  
113.000     0.57837  
113.500     0.58351  
114.000     0.58864  
114.500     0.59378  
115.000     0.59892  
115.500     0.60407  
116.000     0.60923  
116.500     0.61439  
117.000     0.61955  
117.500     0.62470  
118.000     0.62982  
118.500     0.63492  
119.000     0.64002  
119.500     0.64517  
120.000     0.65041  
120.500     0.65577  
121.000     0.66122  
121.500     0.66671  
122.000     0.67221  
122.500     0.67769  
123.000     0.68314  
123.500     0.68858  
124.000     0.69401  
124.500     0.69945  
125.000     0.70490  
125.500     0.71035  
126.000     0.71581  
126.500     0.72127  
127.000     0.72673  
127.500     0.73218  
128.000     0.73761  
128.500     0.74301  
129.000     0.74842  
129.500     0.75388  
130.000     0.75941  
130.500     0.76504  
131.000     0.77075  
131.500     0.77650  
132.000     0.78226  
132.500     0.78800  
133.000     0.79371  
133.500     0.79942  
134.000     0.80512  
134.500     0.81082  
135.000     0.81653  
135.500     0.82225  
136.000     0.82797  
136.500     0.83370  
137.000     0.83942  
137.500     0.84513  
138.000     0.85082  
138.500     0.85650  
139.000     0.86218  
139.500     0.86790  
140.000     0.87368  
140.500     0.87955  
141.000     0.88548  
141.500     0.89146  
142.000     0.89743  
142.500     0.90339  
143.000     0.90933  
143.500     0.91526  
144.000     0.92119  
144.500     0.92712  
145.000     0.93305  
145.500     0.93899  
146.000     0.94494  
146.500     0.95089  
147.000     0.95683  
147.500     0.96277  
148.000     0.96869  
148.500     0.97460  
149.000     0.98051  
149.500     0.98645  
150.000     0.99245  
150.500     0.99852  
151.000     1.00464  
151.500     1.01079  
152.000     1.01695  
152.500     1.02309  
153.000     1.02922  
153.500     1.03533  
154.000     1.04145  
154.500     1.04757  
155.000     1.05369  
155.500     1.05982  
156.000     1.06595  
156.500     1.07208  
157.000     1.07822  
157.500     1.08435  
158.000     1.09047  
158.500     1.09659  
159.000     1.10270  
159.500     1.10881  
160.000     1.11495  
160.500     1.12117  
161.000     1.12744  
161.500     1.13374  
162.000     1.14004  
162.500     1.14633  
163.000     1.15261  
163.500     1.15887  
164.000     1.16514  
164.500     1.17141  
165.000     1.17768  
165.500     1.18395  
166.000     1.19023  
166.500     1.19651  
167.000     1.20279  
167.500     1.20906  
168.000     1.21533  
168.500     1.22158  
169.000     1.22784  
169.500     1.23411  
170.000     1.24042  
170.500     1.24677  
171.000     1.25315  
171.500     1.25955  
172.000     1.26595  
172.500     1.27234  
173.000     1.27873  
173.500     1.28511  
174.000     1.29148  
174.500     1.29786  
175.000     1.30425  
175.500     1.31063  
176.000     1.31702  
176.500     1.32340  
177.000     1.32979  
177.500     1.33617  
178.000     1.34255  
178.500     1.34892  
179.000     1.35529  
179.500     1.36167  
180.000     1.36808  
180.500     1.37451  
181.000     1.38096  
181.500     1.38743  
182.000     1.39390  
182.500     1.40036  
183.000     1.40681  
183.500     1.41326  
184.000     1.41972  
184.500     1.42617  
185.000     1.43262  
185.500     1.43908  
186.000     1.44553  
186.500     1.45199  
187.000     1.45845  
187.500     1.46490  
188.000     1.47135  
188.500     1.47780  
189.000     1.48425  
189.500     1.49071  
190.000     1.49717  
190.500     1.50365  
191.000     1.51014  
191.500     1.51664  
192.000     1.52313  
192.500     1.52962  
193.000     1.53611  
193.500     1.54260  
194.000     1.54909  
194.500     1.55558  
195.000     1.56207  
195.500     1.56856  
196.000     1.57505  
196.500     1.58154  
197.000     1.58803  
197.500     1.59452  
198.000     1.60101  
198.500     1.60750  
199.000     1.61399  
199.500     1.62048  
200.000     1.62697  
200.500     1.63346  
201.000     1.63995  
201.500     1.64643  
202.000     1.65292  
202.500     1.65941  
203.000     1.66590  
203.500     1.67239  
204.000     1.67887  
204.500     1.68537  
205.000     1.69186  
205.500     1.69835  
206.000     1.70485  
206.500     1.71135  
207.000     1.71784  
207.500     1.72434  
208.000     1.73083  
208.500     1.73732  
209.000     1.74380  
209.500     1.75028  
210.000     1.75675  
210.500     1.76321  
211.000     1.76967  
211.500     1.77612  
212.000     1.78257  
212.500     1.78902  
213.000     1.79546  
213.500     1.80191  
214.000     1.80836  
214.500     1.81481  
215.000     1.82126  
215.500     1.82772  
216.000     1.83419  
216.500     1.84065  
217.000     1.84712  
217.500     1.85358  
218.000     1.86004  
218.500     1.86649  
219.000     1.87293  
219.500     1.87936  
220.000     1.88578  
220.500     1.89219  
221.000     1.89858  
221.500     1.90497  
222.000     1.91135  
222.500     1.91772  
223.000     1.92409  
223.500     1.93046  
224.000     1.93683  
224.500     1.94320  
225.000     1.94959  
225.500     1.95598  
226.000     1.96237  
226.500     1.96877  
227.000     1.97517  
227.500     1.98156  
228.000     1.98795  
228.500     1.99433  
229.000     2.00070  
229.500     2.00705  
230.000     2.01339  
230.500     2.01970  
231.000     2.02600  
231.500     2.03228  
232.000     2.03855  
232.500     2.04482  
233.000     2.05108  
233.500     2.05733  
234.000     2.06359  
234.500     2.06986  
235.000     2.07613  
235.500     2.08242  
236.000     2.08871  
236.500     2.09501  
237.000     2.10131  
237.500     2.10760  
238.000     2.11389  
238.500     2.12016  
239.000     2.12642  
239.500     2.13266  
240.000     2.13888  
240.500     2.14507  
241.000     2.15123  
241.500     2.15738  
242.000     2.16351  
242.500     2.16963  
243.000     2.17575  
243.500     2.18186  
244.000     2.18798  
244.500     2.19410  
245.000     2.20024  
245.500     2.20638  
246.000     2.21254  
246.500     2.21871  
247.000     2.22487  
247.500     2.23103  
248.000     2.23718  
248.500     2.24332  
249.000     2.24944  
249.500     2.25553  
250.000     2.26160  
250.500     2.26763  
251.000     2.27363  
251.500     2.27961  
252.000     2.28558  
252.500     2.29152  
253.000     2.29747  
253.500     2.30341  
254.000     2.30935  
254.500     2.31530  
255.000     2.32126  
255.500     2.32724  
256.000     2.33323  
256.500     2.33923  
257.000     2.34523  
257.500     2.35123  
258.000     2.35721  
258.500     2.36318  
259.000     2.36913  
259.500     2.37504  
260.000     2.38093  
260.500     2.38677  
261.000     2.39258  
261.500     2.39837  
262.000     2.40413  
262.500     2.40988  
263.000     2.41562  
263.500     2.42135  
264.000     2.42709  
264.500     2.43284  
265.000     2.43860  
265.500     2.44438  
266.000     2.45018  
266.500     2.45598  
267.000     2.46179  
267.500     2.46759  
268.000     2.47338  
268.500     2.47915  
269.000     2.48489  
269.500     2.49060  
270.000     2.49627  
270.500     2.50190  
271.000     2.50749  
271.500     2.51305  
272.000     2.51858  
272.500     2.52410  
273.000     2.52960  
273.500     2.53511  
274.000     2.54061  
274.500     2.54612  
275.000     2.55166  
275.500     2.55721  
276.000     2.56278  
276.500     2.56836  
277.000     2.57394  
277.500     2.57952  
278.000     2.58508  
278.500     2.59062  
279.000     2.59613  
279.500     2.60161  
280.000     2.60704  
280.500     2.61242  
281.000     2.61776  
281.500     2.62307  
282.000     2.62834  
282.500     2.63360  
283.000     2.63884  
283.500     2.64408  
284.000     2.64933  
284.500     2.65458  
285.000     2.65985  
285.500     2.66515  
286.000     2.67047  
286.500     2.67580  
287.000     2.68112  
287.500     2.68645  
288.000     2.69175  
288.500     2.69704  
289.000     2.70229  
289.500     2.70750  
290.000     2.71267  
290.500     2.71778  
291.000     2.72284  
291.500     2.72786  
292.000     2.73286  
292.500     2.73783  
293.000     2.74278  
293.500     2.74774  
294.000     2.75269  
294.500     2.75766  
295.000     2.76265  
295.500     2.76767  
296.000     2.77270  
296.500     2.77775  
297.000     2.78280  
297.500     2.78784  
298.000     2.79287  
298.500     2.79787  
299.000     2.80284  
299.500     2.80776  
300.000     2.81263  
300.500     2.81745  
301.000     2.82221  
301.500     2.82693  
302.000     2.83161  
302.500     2.83627  
303.000     2.84092  
303.500     2.84556  
304.000     2.85020  
304.500     2.85486  
305.000     2.85954  
305.500     2.86425  
306.000     2.86898  
306.500     2.87372  
307.000     2.87847  
307.500     2.88320  
308.000     2.88792  
308.500     2.89262  
309.000     2.89728  
309.500     2.90189  
310.000     2.90644  
310.500     2.91093  
311.000     2.91537  
311.500     2.91976  
312.000     2.92411  
312.500     2.92844  
313.000     2.93275  
313.500     2.93705  
314.000     2.94136  
314.500     2.94568  
315.000     2.95003  
315.500     2.95441  
316.000     2.95881  
316.500     2.96322  
317.000     2.96764  
317.500     2.97205  
318.000     2.97644  
318.500     2.98081  
319.000     2.98513  
319.500     2.98940  
320.000     2.99362  
320.500     2.99776  
321.000     3.00185  
321.500     3.00589  
322.000     3.00989  
322.500     3.01386  
323.000     3.01781  
323.500     3.02176  
324.000     3.02571  
324.500     3.02968  
325.000     3.03367  
325.500     3.03770  
326.000     3.04175  
326.500     3.04581  
327.000     3.04988  
327.500     3.05394  
328.000     3.05798  
328.500     3.06199  
329.000     3.06596  
329.500     3.06988  
330.000     3.07373  
330.500     3.07751  
331.000     3.08123  
331.500     3.08490  
332.000     3.08852  
332.500     3.09212  
333.000     3.09570  
333.500     3.09927  
334.000     3.10284  
334.500     3.10644  
335.000     3.11005  
335.500     3.11371  
336.000     3.11739  
336.500     3.12108  
337.000     3.12478  
337.500     3.12847  
338.000     3.13214  
338.500     3.13577  
339.000     3.13937  
339.500     3.14291  
340.000     3.14638  
340.500     3.14978  
341.000     3.15311  
341.500     3.15639  
342.000     3.15962  
342.500     3.16282  
343.000     3.16601  
343.500     3.16918  
344.000     3.17236  
344.500     3.17556  
345.000     3.17879  
345.500     3.18205  
346.000     3.18534  
346.500     3.18864  
347.000     3.19195  
347.500     3.19525  
348.000     3.19853  
348.500     3.20177  
349.000     3.20497  
349.500     3.20812  
350.000     3.21119  
