#Tlab      phaseshift	pwa93   
  0.000     0.00000  
  0.005     0.00000  
  0.010     0.00000  
  0.015    -0.00000   
  0.020    -0.00000  
  0.040     0.00000  
  0.060    -0.00000  
  0.080     0.00000  
  0.100     0.00000  
  0.120    -0.00000  
  0.140    -0.00000  
  0.160     0.00000  
  0.180     0.00000  
  0.200     0.00000  
  0.220    -0.00000  
  0.240    -0.00000  
  0.260     0.00000  
  0.280     0.00000  
  0.300     0.00000  
  0.320    -0.00000  
  0.340    -0.00000  
  0.360     0.00000  
  0.380     0.00000  
  0.400    -0.00000  
  0.420    -0.00000  
  0.440    -0.00000  
  0.460     0.00000  
  0.480     0.00000  
  0.500     0.00000  
  1.000     0.00000  
  1.500     0.00001  
  2.000     0.00004  
  2.500     0.00009  
  3.000     0.00019  
  3.500     0.00034  
  4.000     0.00057  
  4.500     0.00088  
  5.000     0.00129  
  5.500     0.00183  
  6.000     0.00249  
  6.500     0.00329  
  7.000     0.00424  
  7.500     0.00536  
  8.000     0.00664  
  8.500     0.00811  
  9.000     0.00976  
  9.500     0.01160  
 10.000     0.01363  
 10.500     0.01587  
 11.000     0.01831  
 11.500     0.02096  
 12.000     0.02381  
 12.500     0.02688  
 13.000     0.03015  
 13.500     0.03364  
 14.000     0.03734  
 14.500     0.04125  
 15.000     0.04537  
 15.500     0.04971  
 16.000     0.05425  
 16.500     0.05900  
 17.000     0.06395  
 17.500     0.06911  
 18.000     0.07446  
 18.500     0.08002  
 19.000     0.08578  
 19.500     0.09172  
 20.000     0.09786  
 20.500     0.10419  
 21.000     0.11071  
 21.500     0.11741  
 22.000     0.12429  
 22.500     0.13135  
 23.000     0.13858  
 23.500     0.14598  
 24.000     0.15356  
 24.500     0.16130  
 25.000     0.16920  
 25.500     0.17727  
 26.000     0.18549  
 26.500     0.19387  
 27.000     0.20239  
 27.500     0.21107  
 28.000     0.21989  
 28.500     0.22886  
 29.000     0.23797  
 29.500     0.24721  
 30.000     0.25659  
 30.500     0.26610  
 31.000     0.27574  
 31.500     0.28551  
 32.000     0.29540  
 32.500     0.30541  
 33.000     0.31555  
 33.500     0.32580  
 34.000     0.33616  
 34.500     0.34664  
 35.000     0.35723  
 35.500     0.36792  
 36.000     0.37872  
 36.500     0.38962  
 37.000     0.40062  
 37.500     0.41172  
 38.000     0.42292  
 38.500     0.43421  
 39.000     0.44560  
 39.500     0.45707  
 40.000     0.46864  
 40.500     0.48029  
 41.000     0.49202  
 41.500     0.50384  
 42.000     0.51574  
 42.500     0.52771  
 43.000     0.53977  
 43.500     0.55190  
 44.000     0.56410  
 44.500     0.57638  
 45.000     0.58873  
 45.500     0.60115  
 46.000     0.61363  
 46.500     0.62618  
 47.000     0.63880  
 47.500     0.65148  
 48.000     0.66422  
 48.500     0.67702  
 49.000     0.68988  
 49.500     0.70280  
 50.000     0.71578  
 50.500     0.72881  
 51.000     0.74189  
 51.500     0.75503  
 52.000     0.76822  
 52.500     0.78145  
 53.000     0.79474  
 53.500     0.80808  
 54.000     0.82146  
 54.500     0.83489  
 55.000     0.84836  
 55.500     0.86188  
 56.000     0.87543  
 56.500     0.88903  
 57.000     0.90268  
 57.500     0.91636  
 58.000     0.93007  
 58.500     0.94383  
 59.000     0.95762  
 59.500     0.97145  
 60.000     0.98532  
 60.500     0.99922  
 61.000     1.01315  
 61.500     1.02711  
 62.000     1.04111  
 62.500     1.05513  
 63.000     1.06919  
 63.500     1.08328  
 64.000     1.09739  
 64.500     1.11153  
 65.000     1.12570  
 65.500     1.13990  
 66.000     1.15412  
 66.500     1.16837  
 67.000     1.18264  
 67.500     1.19693  
 68.000     1.21125  
 68.500     1.22559  
 69.000     1.23995  
 69.500     1.25433  
 70.000     1.26874  
 70.500     1.28316  
 71.000     1.29760  
 71.500     1.31207  
 72.000     1.32655  
 72.500     1.34105  
 73.000     1.35556  
 73.500     1.37009  
 74.000     1.38464  
 74.500     1.39921  
 75.000     1.41379  
 75.500     1.42838  
 76.000     1.44299  
 76.500     1.45762  
 77.000     1.47225  
 77.500     1.48690  
 78.000     1.50157  
 78.500     1.51624  
 79.000     1.53093  
 79.500     1.54562  
 80.000     1.56033  
 80.500     1.57505  
 81.000     1.58978  
 81.500     1.60452  
 82.000     1.61927  
 82.500     1.63403  
 83.000     1.64879  
 83.500     1.66357  
 84.000     1.67835  
 84.500     1.69314  
 85.000     1.70794  
 85.500     1.72274  
 86.000     1.73755  
 86.500     1.75237  
 87.000     1.76720  
 87.500     1.78202  
 88.000     1.79686  
 88.500     1.81170  
 89.000     1.82654  
 89.500     1.84139  
 90.000     1.85625  
 90.500     1.87111  
 91.000     1.88597  
 91.500     1.90083  
 92.000     1.91570  
 92.500     1.93057  
 93.000     1.94545  
 93.500     1.96032  
 94.000     1.97520  
 94.500     1.99008  
 95.000     2.00496  
 95.500     2.01985  
 96.000     2.03473  
 96.500     2.04962  
 97.000     2.06451  
 97.500     2.07940  
 98.000     2.09429  
 98.500     2.10917  
 99.000     2.12406  
 99.500     2.13895  
100.000     2.15384  
100.500     2.16873  
101.000     2.18361  
101.500     2.19850  
102.000     2.21339  
102.500     2.22827  
103.000     2.24315  
103.500     2.25803  
104.000     2.27291  
104.500     2.28779  
105.000     2.30266  
105.500     2.31753  
106.000     2.33240  
106.500     2.34727  
107.000     2.36213  
107.500     2.37700  
108.000     2.39185  
108.500     2.40671  
109.000     2.42156  
109.500     2.43641  
110.000     2.45125  
110.500     2.46609  
111.000     2.48093  
111.500     2.49576  
112.000     2.51059  
112.500     2.52542  
113.000     2.54024  
113.500     2.55505  
114.000     2.56987  
114.500     2.58467  
115.000     2.59947  
115.500     2.61427  
116.000     2.62906  
116.500     2.64385  
117.000     2.65863  
117.500     2.67340  
118.000     2.68817  
118.500     2.70294  
119.000     2.71770  
119.500     2.73245  
120.000     2.74720  
120.500     2.76194  
121.000     2.77667  
121.500     2.79140  
122.000     2.80612  
122.500     2.82084  
123.000     2.83555  
123.500     2.85025  
124.000     2.86495  
124.500     2.87963  
125.000     2.89432  
125.500     2.90899  
126.000     2.92366  
126.500     2.93832  
127.000     2.95298  
127.500     2.96762  
128.000     2.98226  
128.500     2.99689  
129.000     3.01152  
129.500     3.02613  
130.000     3.04074  
130.500     3.05534  
131.000     3.06994  
131.500     3.08452  
132.000     3.09910  
132.500     3.11367  
133.000     3.12823  
133.500     3.14278  
134.000     3.15733  
134.500     3.17187  
135.000     3.18639  
135.500     3.20091  
136.000     3.21543  
136.500     3.22993  
137.000     3.24442  
137.500     3.25891  
138.000     3.27338  
138.500     3.28785  
139.000     3.30231  
139.500     3.31676  
140.000     3.33120  
140.500     3.34564  
141.000     3.36006  
141.500     3.37447  
142.000     3.38888  
142.500     3.40327  
143.000     3.41766  
143.500     3.43204  
144.000     3.44641  
144.500     3.46076  
145.000     3.47511  
145.500     3.48945  
146.000     3.50378  
146.500     3.51810  
147.000     3.53241  
147.500     3.54671  
148.000     3.56101  
148.500     3.57529  
149.000     3.58956  
149.500     3.60382  
150.000     3.61807  
150.500     3.63231  
151.000     3.64654  
151.500     3.66077  
152.000     3.67498  
152.500     3.68918  
153.000     3.70337  
153.500     3.71755  
154.000     3.73172  
154.500     3.74588  
155.000     3.76003  
155.500     3.77417  
156.000     3.78830  
156.500     3.80242  
157.000     3.81652  
157.500     3.83062  
158.000     3.84471  
158.500     3.85878  
159.000     3.87285  
159.500     3.88690  
160.000     3.90095  
160.500     3.91498  
161.000     3.92900  
161.500     3.94302  
162.000     3.95702  
162.500     3.97101  
163.000     3.98499  
163.500     3.99895  
164.000     4.01291  
164.500     4.02686  
165.000     4.04079  
165.500     4.05472  
166.000     4.06863  
166.500     4.08253  
167.000     4.09642  
167.500     4.11030  
168.000     4.12417  
168.500     4.13803  
169.000     4.15188  
169.500     4.16571  
170.000     4.17954  
170.500     4.19335  
171.000     4.20715  
171.500     4.22094  
172.000     4.23472  
172.500     4.24849  
173.000     4.26224  
173.500     4.27599  
174.000     4.28972  
174.500     4.30344  
175.000     4.31715  
175.500     4.33085  
176.000     4.34454  
176.500     4.35821  
177.000     4.37188  
177.500     4.38553  
178.000     4.39917  
178.500     4.41280  
179.000     4.42642  
179.500     4.44002  
180.000     4.45361  
180.500     4.46720  
181.000     4.48077  
181.500     4.49432  
182.000     4.50787  
182.500     4.52140  
183.000     4.53493  
183.500     4.54844  
184.000     4.56193  
184.500     4.57542  
185.000     4.58889  
185.500     4.60236  
186.000     4.61581  
186.500     4.62924  
187.000     4.64267  
187.500     4.65608  
188.000     4.66948  
188.500     4.68287  
189.000     4.69625  
189.500     4.70961  
190.000     4.72297  
190.500     4.73631  
191.000     4.74963  
191.500     4.76295  
192.000     4.77625  
192.500     4.78954  
193.000     4.80282  
193.500     4.81609  
194.000     4.82934  
194.500     4.84258  
195.000     4.85581  
195.500     4.86903  
196.000     4.88223  
196.500     4.89542  
197.000     4.90860  
197.500     4.92177  
198.000     4.93492  
198.500     4.94806  
199.000     4.96119  
199.500     4.97431  
200.000     4.98741  
200.500     5.00050  
201.000     5.01358  
201.500     5.02664  
202.000     5.03970  
202.500     5.05274  
203.000     5.06576  
203.500     5.07878  
204.000     5.09178  
204.500     5.10477  
205.000     5.11775  
205.500     5.13071  
206.000     5.14366  
206.500     5.15660  
207.000     5.16952  
207.500     5.18244  
208.000     5.19534  
208.500     5.20822  
209.000     5.22110  
209.500     5.23396  
210.000     5.24680  
210.500     5.25964  
211.000     5.27246  
211.500     5.28527  
212.000     5.29807  
212.500     5.31085  
213.000     5.32362  
213.500     5.33638  
214.000     5.34912  
214.500     5.36185  
215.000     5.37457  
215.500     5.38727  
216.000     5.39997  
216.500     5.41264  
217.000     5.42531  
217.500     5.43796  
218.000     5.45060  
218.500     5.46323  
219.000     5.47584  
219.500     5.48844  
220.000     5.50102  
220.500     5.51360  
221.000     5.52616  
221.500     5.53870  
222.000     5.55124  
222.500     5.56376  
223.000     5.57626  
223.500     5.58876  
224.000     5.60124  
224.500     5.61370  
225.000     5.62616  
225.500     5.63860  
226.000     5.65102  
226.500     5.66344  
227.000     5.67584  
227.500     5.68822  
228.000     5.70059  
228.500     5.71295  
229.000     5.72530  
229.500     5.73763  
230.000     5.74995  
230.500     5.76226  
231.000     5.77455  
231.500     5.78683  
232.000     5.79909  
232.500     5.81135  
233.000     5.82358  
233.500     5.83581  
234.000     5.84802  
234.500     5.86022  
235.000     5.87240  
235.500     5.88457  
236.000     5.89673  
236.500     5.90887  
237.000     5.92100  
237.500     5.93312  
238.000     5.94522  
238.500     5.95731  
239.000     5.96939  
239.500     5.98145  
240.000     5.99350  
240.500     6.00553  
241.000     6.01755  
241.500     6.02956  
242.000     6.04155  
242.500     6.05353  
243.000     6.06550  
243.500     6.07745  
244.000     6.08938  
244.500     6.10131  
245.000     6.11322  
245.500     6.12512  
246.000     6.13700  
246.500     6.14887  
247.000     6.16072  
247.500     6.17256  
248.000     6.18439  
248.500     6.19620  
249.000     6.20800  
249.500     6.21979  
250.000     6.23156  
250.500     6.24331  
251.000     6.25506  
251.500     6.26679  
252.000     6.27850  
252.500     6.29020  
253.000     6.30189  
253.500     6.31356  
254.000     6.32522  
254.500     6.33686  
255.000     6.34849  
255.500     6.36011  
256.000     6.37171  
256.500     6.38330  
257.000     6.39487  
257.500     6.40643  
258.000     6.41798  
258.500     6.42951  
259.000     6.44103  
259.500     6.45253  
260.000     6.46402  
260.500     6.47549  
261.000     6.48695  
261.500     6.49840  
262.000     6.50983  
262.500     6.52125  
263.000     6.53265  
263.500     6.54404  
264.000     6.55542  
264.500     6.56678  
265.000     6.57812  
265.500     6.58945  
266.000     6.60077  
266.500     6.61208  
267.000     6.62337  
267.500     6.63464  
268.000     6.64590  
268.500     6.65715  
269.000     6.66838  
269.500     6.67960  
270.000     6.69080  
270.500     6.70199  
271.000     6.71316  
271.500     6.72432  
272.000     6.73547  
272.500     6.74660  
273.000     6.75772  
273.500     6.76882  
274.000     6.77991  
274.500     6.79099  
275.000     6.80205  
275.500     6.81309  
276.000     6.82412  
276.500     6.83514  
277.000     6.84614  
277.500     6.85713  
278.000     6.86810  
278.500     6.87906  
279.000     6.89001  
279.500     6.90094  
280.000     6.91185  
280.500     6.92275  
281.000     6.93364  
281.500     6.94451  
282.000     6.95537  
282.500     6.96621  
283.000     6.97704  
283.500     6.98786  
284.000     6.99866  
284.500     7.00944  
285.000     7.02021  
285.500     7.03097  
286.000     7.04171  
286.500     7.05244  
287.000     7.06315  
287.500     7.07385  
288.000     7.08453  
288.500     7.09520  
289.000     7.10585  
289.500     7.11649  
290.000     7.12712  
290.500     7.13773  
291.000     7.14832  
291.500     7.15890  
292.000     7.16947  
292.500     7.18002  
293.000     7.19056  
293.500     7.20108  
294.000     7.21159  
294.500     7.22208  
295.000     7.23256  
295.500     7.24302  
296.000     7.25347  
296.500     7.26390  
297.000     7.27432  
297.500     7.28473  
298.000     7.29511  
298.500     7.30549  
299.000     7.31585  
299.500     7.32619  
300.000     7.33652  
300.500     7.34684  
301.000     7.35714  
301.500     7.36743  
302.000     7.37770  
302.500     7.38795  
303.000     7.39819  
303.500     7.40842  
304.000     7.41863  
304.500     7.42883  
305.000     7.43901  
305.500     7.44918  
306.000     7.45933  
306.500     7.46947  
307.000     7.47959  
307.500     7.48970  
308.000     7.49979  
308.500     7.50987  
309.000     7.51993  
309.500     7.52998  
310.000     7.54002  
310.500     7.55003  
311.000     7.56004  
311.500     7.57003  
312.000     7.58000  
312.500     7.58996  
313.000     7.59990  
313.500     7.60983  
314.000     7.61975  
314.500     7.62965  
315.000     7.63953  
315.500     7.64940  
316.000     7.65926  
316.500     7.66909  
317.000     7.67892  
317.500     7.68873  
318.000     7.69852  
318.500     7.70830  
319.000     7.71807  
319.500     7.72782  
320.000     7.73755  
320.500     7.74727  
321.000     7.75698  
321.500     7.76667  
322.000     7.77634  
322.500     7.78600  
323.000     7.79564  
323.500     7.80527  
324.000     7.81489  
324.500     7.82449  
325.000     7.83407  
325.500     7.84364  
326.000     7.85319  
326.500     7.86273  
327.000     7.87226  
327.500     7.88176  
328.000     7.89126  
328.500     7.90074  
329.000     7.91020  
329.500     7.91965  
330.000     7.92908  
330.500     7.93850  
331.000     7.94790  
331.500     7.95729  
332.000     7.96666  
332.500     7.97602  
333.000     7.98536  
333.500     7.99469  
334.000     8.00400  
334.500     8.01330  
335.000     8.02258  
335.500     8.03184  
336.000     8.04110  
336.500     8.05033  
337.000     8.05955  
337.500     8.06876  
338.000     8.07795  
338.500     8.08712  
339.000     8.09628  
339.500     8.10543  
340.000     8.11456  
340.500     8.12367  
341.000     8.13277  
341.500     8.14186  
342.000     8.15093  
342.500     8.15998  
343.000     8.16902  
343.500     8.17804  
344.000     8.18705  
344.500     8.19604  
345.000     8.20502  
345.500     8.21399  
346.000     8.22293  
346.500     8.23187  
347.000     8.24078  
347.500     8.24969  
348.000     8.25857  
348.500     8.26745  
349.000     8.27630  
349.500     8.28515  
350.000     8.29397  
