#  Tlab    phaseshift      pwa93   
  0.000     0.00000  
  0.005    0.00000
  0.010    0.00000
  0.015    0.00000
  0.020    0.00000
  0.040    0.00000
  0.060    0.00000
  0.080    0.00000
  0.100    0.00000
  0.120    0.00000
  0.140    0.00000
  0.160    0.00000
  0.180    0.00000
  0.200    0.00000
  0.220    0.00000
  0.240    0.00000
  0.260    0.00000
  0.280    0.00000
  0.300    0.00000
  0.320    0.00000
  0.340    0.00000
  0.360    0.00000
  0.380    0.00000
  0.400    0.00000
  0.420    0.00000
  0.440    0.00000
  0.460    0.00000
  0.480    0.00000
  0.500     0.00000  
  1.000     0.00000  
  1.500     0.00000  
  2.000     0.00000  
  2.500     0.00000  
  3.000     0.00000  
  3.500     0.00000  
  4.000     0.00000  
  4.500     0.00000  
  5.000     0.00001  
  5.500     0.00001  
  6.000     0.00001  
  6.500     0.00002  
  7.000     0.00002  
  7.500     0.00003  
  8.000     0.00004  
  8.500     0.00006  
  9.000     0.00007  
  9.500     0.00009  
 10.000     0.00011  
 10.500     0.00013  
 11.000     0.00016  
 11.500     0.00019  
 12.000     0.00022  
 12.500     0.00026  
 13.000     0.00031  
 13.500     0.00035  
 14.000     0.00040  
 14.500     0.00046  
 15.000     0.00052  
 15.500     0.00058  
 16.000     0.00065  
 16.500     0.00073  
 17.000     0.00082  
 17.500     0.00090  
 18.000     0.00099  
 18.500     0.00109  
 19.000     0.00120  
 19.500     0.00131  
 20.000     0.00142  
 20.500     0.00155  
 21.000     0.00168  
 21.500     0.00181  
 22.000     0.00194  
 22.500     0.00210  
 23.000     0.00226  
 23.500     0.00242  
 24.000     0.00258  
 24.500     0.00275  
 25.000     0.00293  
 25.500     0.00312  
 26.000     0.00331  
 26.500     0.00352  
 27.000     0.00374  
 27.500     0.00394  
 28.000     0.00416  
 28.500     0.00440  
 29.000     0.00464  
 29.500     0.00487  
 30.000     0.00511  
 30.500     0.00539  
 31.000     0.00569  
 31.500     0.00597  
 32.000     0.00626  
 32.500     0.00654  
 33.000     0.00683  
 33.500     0.00712  
 34.000     0.00740  
 34.500     0.00768  
 35.000     0.00797  
 35.500     0.00832  
 36.000     0.00868  
 36.500     0.00903  
 37.000     0.00938  
 37.500     0.00973  
 38.000     0.01009  
 38.500     0.01044  
 39.000     0.01079  
 39.500     0.01113  
 40.000     0.01149  
 40.500     0.01190  
 41.000     0.01232  
 41.500     0.01274  
 42.000     0.01315  
 42.500     0.01357  
 43.000     0.01398  
 43.500     0.01440  
 44.000     0.01481  
 44.500     0.01522  
 45.000     0.01564  
 45.500     0.01611  
 46.000     0.01659  
 46.500     0.01706  
 47.000     0.01753  
 47.500     0.01801  
 48.000     0.01848  
 48.500     0.01896  
 49.000     0.01943  
 49.500     0.01989  
 50.000     0.02038  
 50.500     0.02089  
 51.000     0.02143  
 51.500     0.02196  
 52.000     0.02249  
 52.500     0.02301  
 53.000     0.02354  
 53.500     0.02407  
 54.000     0.02460  
 54.500     0.02512  
 55.000     0.02565  
 55.500     0.02622  
 56.000     0.02681  
 56.500     0.02739  
 57.000     0.02796  
 57.500     0.02854  
 58.000     0.02912  
 58.500     0.02970  
 59.000     0.03027  
 59.500     0.03084  
 60.000     0.03143  
 60.500     0.03204  
 61.000     0.03268  
 61.500     0.03330  
 62.000     0.03392  
 62.500     0.03454  
 63.000     0.03517  
 63.500     0.03580  
 64.000     0.03642  
 64.500     0.03704  
 65.000     0.03767  
 65.500     0.03833  
 66.000     0.03900  
 66.500     0.03967  
 67.000     0.04033  
 67.500     0.04099  
 68.000     0.04166  
 68.500     0.04233  
 69.000     0.04299  
 69.500     0.04365  
 70.000     0.04433  
 70.500     0.04503  
 71.000     0.04574  
 71.500     0.04644  
 72.000     0.04714  
 72.500     0.04785  
 73.000     0.04855  
 73.500     0.04926  
 74.000     0.04996  
 74.500     0.05066  
 75.000     0.05137  
 75.500     0.05211  
 76.000     0.05285  
 76.500     0.05359  
 77.000     0.05433  
 77.500     0.05507  
 78.000     0.05581  
 78.500     0.05655  
 79.000     0.05729  
 79.500     0.05802  
 80.000     0.05877  
 80.500     0.05953  
 81.000     0.06031  
 81.500     0.06108  
 82.000     0.06185  
 82.500     0.06262  
 83.000     0.06340  
 83.500     0.06417  
 84.000     0.06494  
 84.500     0.06570  
 85.000     0.06648  
 85.500     0.06728  
 86.000     0.06808  
 86.500     0.06888  
 87.000     0.06968  
 87.500     0.07048  
 88.000     0.07129  
 88.500     0.07209  
 89.000     0.07289  
 89.500     0.07368  
 90.000     0.07449  
 90.500     0.07531  
 91.000     0.07614  
 91.500     0.07697  
 92.000     0.07780  
 92.500     0.07862  
 93.000     0.07945  
 93.500     0.08028  
 94.000     0.08111  
 94.500     0.08193  
 95.000     0.08276  
 95.500     0.08361  
 96.000     0.08446  
 96.500     0.08532  
 97.000     0.08617  
 97.500     0.08702  
 98.000     0.08787  
 98.500     0.08872  
 99.000     0.08957  
 99.500     0.09042  
100.000     0.09128  
100.500     0.09215  
101.000     0.09303  
101.500     0.09392  
102.000     0.09482  
102.500     0.09571  
103.000     0.09659  
103.500     0.09747  
104.000     0.09836  
104.500     0.09924  
105.000     0.10013  
105.500     0.10101  
106.000     0.10190  
106.500     0.10278  
107.000     0.10367  
107.500     0.10455  
108.000     0.10544  
108.500     0.10631  
109.000     0.10719  
109.500     0.10808  
110.000     0.10898  
110.500     0.10989  
111.000     0.11081  
111.500     0.11174  
112.000     0.11266  
112.500     0.11359  
113.000     0.11451  
113.500     0.11543  
114.000     0.11635  
114.500     0.11727  
115.000     0.11820  
115.500     0.11912  
116.000     0.12004  
116.500     0.12096  
117.000     0.12189  
117.500     0.12281  
118.000     0.12373  
118.500     0.12465  
119.000     0.12556  
119.500     0.12649  
120.000     0.12742  
120.500     0.12836  
121.000     0.12931  
121.500     0.13027  
122.000     0.13123  
122.500     0.13218  
123.000     0.13314  
123.500     0.13409  
124.000     0.13504  
124.500     0.13599  
125.000     0.13694  
125.500     0.13789  
126.000     0.13885  
126.500     0.13980  
127.000     0.14075  
127.500     0.14171  
128.000     0.14266  
128.500     0.14360  
129.000     0.14455  
129.500     0.14550  
130.000     0.14647  
130.500     0.14744  
131.000     0.14841  
131.500     0.14939  
132.000     0.15038  
132.500     0.15136  
133.000     0.15234  
133.500     0.15331  
134.000     0.15429  
134.500     0.15527  
135.000     0.15624  
135.500     0.15722  
136.000     0.15820  
136.500     0.15918  
137.000     0.16016  
137.500     0.16114  
138.000     0.16211  
138.500     0.16309  
139.000     0.16406  
139.500     0.16504  
140.000     0.16603  
140.500     0.16702  
141.000     0.16802  
141.500     0.16902  
142.000     0.17002  
142.500     0.17102  
143.000     0.17202  
143.500     0.17302  
144.000     0.17401  
144.500     0.17501  
145.000     0.17601  
145.500     0.17701  
146.000     0.17801  
146.500     0.17901  
147.000     0.18001  
147.500     0.18100  
148.000     0.18200  
148.500     0.18300  
149.000     0.18399  
149.500     0.18499  
150.000     0.18599  
150.500     0.18700  
151.000     0.18802  
151.500     0.18904  
152.000     0.19006  
152.500     0.19107  
153.000     0.19209  
153.500     0.19310  
154.000     0.19412  
154.500     0.19513  
155.000     0.19615  
155.500     0.19716  
156.000     0.19818  
156.500     0.19919  
157.000     0.20021  
157.500     0.20122  
158.000     0.20224  
158.500     0.20325  
159.000     0.20427  
159.500     0.20528  
160.000     0.20630  
160.500     0.20732  
161.000     0.20835  
161.500     0.20938  
162.000     0.21041  
162.500     0.21143  
163.000     0.21246  
163.500     0.21349  
164.000     0.21451  
164.500     0.21554  
165.000     0.21657  
165.500     0.21759  
166.000     0.21862  
166.500     0.21965  
167.000     0.22068  
167.500     0.22170  
168.000     0.22273  
168.500     0.22375  
169.000     0.22478  
169.500     0.22581  
170.000     0.22684  
170.500     0.22787  
171.000     0.22890  
171.500     0.22994  
172.000     0.23097  
172.500     0.23201  
173.000     0.23304  
173.500     0.23407  
174.000     0.23511  
174.500     0.23614  
175.000     0.23718  
175.500     0.23821  
176.000     0.23924  
176.500     0.24028  
177.000     0.24131  
177.500     0.24234  
178.000     0.24338  
178.500     0.24441  
179.000     0.24544  
179.500     0.24648  
180.000     0.24751  
180.500     0.24855  
181.000     0.24959  
181.500     0.25063  
182.000     0.25167  
182.500     0.25270  
183.000     0.25374  
183.500     0.25478  
184.000     0.25582  
184.500     0.25686  
185.000     0.25790  
185.500     0.25893  
186.000     0.25997  
186.500     0.26101  
187.000     0.26205  
187.500     0.26309  
188.000     0.26412  
188.500     0.26516  
189.000     0.26620  
189.500     0.26724  
190.000     0.26828  
190.500     0.26932  
191.000     0.27036  
191.500     0.27140  
192.000     0.27244  
192.500     0.27348  
193.000     0.27452  
193.500     0.27556  
194.000     0.27660  
194.500     0.27764  
195.000     0.27868  
195.500     0.27972  
196.000     0.28076  
196.500     0.28180  
197.000     0.28284  
197.500     0.28388  
198.000     0.28492  
198.500     0.28596  
199.000     0.28700  
199.500     0.28804  
200.000     0.28908  
200.500     0.29012  
201.000     0.29116  
201.500     0.29220  
202.000     0.29323  
202.500     0.29427  
203.000     0.29531  
203.500     0.29634  
204.000     0.29738  
204.500     0.29842  
205.000     0.29946  
205.500     0.30050  
206.000     0.30153  
206.500     0.30257  
207.000     0.30361  
207.500     0.30465  
208.000     0.30569  
208.500     0.30673  
209.000     0.30776  
209.500     0.30880  
210.000     0.30984  
210.500     0.31087  
211.000     0.31190  
211.500     0.31293  
212.000     0.31397  
212.500     0.31500  
213.000     0.31603  
213.500     0.31706  
214.000     0.31809  
214.500     0.31912  
215.000     0.32015  
215.500     0.32119  
216.000     0.32222  
216.500     0.32325  
217.000     0.32429  
217.500     0.32532  
218.000     0.32635  
218.500     0.32738  
219.000     0.32841  
219.500     0.32944  
220.000     0.33047  
220.500     0.33150  
221.000     0.33252  
221.500     0.33355  
222.000     0.33457  
222.500     0.33559  
223.000     0.33661  
223.500     0.33763  
224.000     0.33866  
224.500     0.33968  
225.000     0.34070  
225.500     0.34173  
226.000     0.34275  
226.500     0.34378  
227.000     0.34480  
227.500     0.34583  
228.000     0.34685  
228.500     0.34787  
229.000     0.34889  
229.500     0.34991  
230.000     0.35093  
230.500     0.35195  
231.000     0.35296  
231.500     0.35397  
232.000     0.35498  
232.500     0.35599  
233.000     0.35700  
233.500     0.35801  
234.000     0.35901  
234.500     0.36002  
235.000     0.36103  
235.500     0.36204  
236.000     0.36306  
236.500     0.36407  
237.000     0.36508  
237.500     0.36609  
238.000     0.36711  
238.500     0.36812  
239.000     0.36912  
239.500     0.37013  
240.000     0.37113  
240.500     0.37213  
241.000     0.37313  
241.500     0.37413  
242.000     0.37512  
242.500     0.37612  
243.000     0.37711  
243.500     0.37810  
244.000     0.37909  
244.500     0.38008  
245.000     0.38108  
245.500     0.38207  
246.000     0.38307  
246.500     0.38407  
247.000     0.38506  
247.500     0.38606  
248.000     0.38706  
248.500     0.38805  
249.000     0.38904  
249.500     0.39004  
250.000     0.39102  
250.500     0.39201  
251.000     0.39299  
251.500     0.39397  
252.000     0.39495  
252.500     0.39592  
253.000     0.39690  
253.500     0.39787  
254.000     0.39885  
254.500     0.39982  
255.000     0.40080  
255.500     0.40178  
256.000     0.40276  
256.500     0.40374  
257.000     0.40472  
257.500     0.40570  
258.000     0.40668  
258.500     0.40766  
259.000     0.40864  
259.500     0.40961  
260.000     0.41058  
260.500     0.41155  
261.000     0.41251  
261.500     0.41347  
262.000     0.41443  
262.500     0.41538  
263.000     0.41634  
263.500     0.41729  
264.000     0.41825  
264.500     0.41921  
265.000     0.42016  
265.500     0.42112  
266.000     0.42209  
266.500     0.42305  
267.000     0.42401  
267.500     0.42497  
268.000     0.42593  
268.500     0.42689  
269.000     0.42785  
269.500     0.42880  
270.000     0.42975  
270.500     0.43069  
271.000     0.43163  
271.500     0.43257  
272.000     0.43350  
272.500     0.43443  
273.000     0.43536  
273.500     0.43629  
274.000     0.43722  
274.500     0.43816  
275.000     0.43909  
275.500     0.44003  
276.000     0.44096  
276.500     0.44190  
277.000     0.44284  
277.500     0.44378  
278.000     0.44472  
278.500     0.44565  
279.000     0.44658  
279.500     0.44751  
280.000     0.44843  
280.500     0.44935  
281.000     0.45026  
281.500     0.45117  
282.000     0.45208  
282.500     0.45298  
283.000     0.45388  
283.500     0.45479  
284.000     0.45569  
284.500     0.45659  
285.000     0.45750  
285.500     0.45841  
286.000     0.45932  
286.500     0.46023  
287.000     0.46114  
287.500     0.46205  
288.000     0.46296  
288.500     0.46387  
289.000     0.46477  
289.500     0.46567  
290.000     0.46657  
290.500     0.46746  
291.000     0.46834  
291.500     0.46922  
292.000     0.47010  
292.500     0.47097  
293.000     0.47184  
293.500     0.47272  
294.000     0.47359  
294.500     0.47447  
295.000     0.47534  
295.500     0.47622  
296.000     0.47710  
296.500     0.47799  
297.000     0.47887  
297.500     0.47975  
298.000     0.48063  
298.500     0.48151  
299.000     0.48238  
299.500     0.48325  
300.000     0.48412  
300.500     0.48498  
301.000     0.48583  
301.500     0.48668  
302.000     0.48753  
302.500     0.48837  
303.000     0.48921  
303.500     0.49005  
304.000     0.49089  
304.500     0.49174  
305.000     0.49258  
305.500     0.49343  
306.000     0.49428  
306.500     0.49513  
307.000     0.49598  
307.500     0.49683  
308.000     0.49768  
308.500     0.49853  
309.000     0.49937  
309.500     0.50021  
310.000     0.50104  
310.500     0.50187  
311.000     0.50269  
311.500     0.50351  
312.000     0.50432  
312.500     0.50513  
313.000     0.50593  
313.500     0.50674  
314.000     0.50755  
314.500     0.50836  
315.000     0.50917  
315.500     0.50998  
316.000     0.51080  
316.500     0.51161  
317.000     0.51243  
317.500     0.51325  
318.000     0.51406  
318.500     0.51488  
319.000     0.51569  
319.500     0.51649  
320.000     0.51729  
320.500     0.51808  
321.000     0.51886  
321.500     0.51964  
322.000     0.52042  
322.500     0.52119  
323.000     0.52196  
323.500     0.52273  
324.000     0.52350  
324.500     0.52428  
325.000     0.52505  
325.500     0.52583  
326.000     0.52661  
326.500     0.52739  
327.000     0.52817  
327.500     0.52896  
328.000     0.52974  
328.500     0.53051  
329.000     0.53129  
329.500     0.53205  
330.000     0.53282  
330.500     0.53357  
331.000     0.53432  
331.500     0.53506  
332.000     0.53580  
332.500     0.53653  
333.000     0.53727  
333.500     0.53800  
334.000     0.53874  
334.500     0.53947  
335.000     0.54021  
335.500     0.54095  
336.000     0.54170  
336.500     0.54244  
337.000     0.54319  
337.500     0.54393  
338.000     0.54468  
338.500     0.54542  
339.000     0.54615  
339.500     0.54688  
340.000     0.54761  
340.500     0.54832  
341.000     0.54903  
341.500     0.54973  
342.000     0.55043  
342.500     0.55113  
343.000     0.55182  
343.500     0.55251  
344.000     0.55321  
344.500     0.55390  
345.000     0.55460  
345.500     0.55530  
346.000     0.55601  
346.500     0.55671  
347.000     0.55742  
347.500     0.55813  
348.000     0.55883  
348.500     0.55953  
349.000     0.56022  
349.500     0.56091  
350.000     0.56159  
