# Tlab    phaseshift     pwa93   
  0.000     0.00000  
  0.005    0.00000
  0.010    0.00000
  0.015    0.00000
  0.020    0.00000
  0.040    0.00000
  0.060    0.00000
  0.080    0.00000
  0.100    0.00000
  0.120    0.00000
  0.140    0.00000
  0.160    0.00000
  0.180    0.00000
  0.200    0.00000
  0.220    0.00000
  0.240    0.00000
  0.260    0.00000
  0.280    0.00000
  0.300    0.00000
  0.320    0.00000
  0.340    0.00000
  0.360    0.00000
  0.380    0.00000
  0.400    0.00000
  0.420    0.00000
  0.440    0.00000
  0.460    0.00000
  0.480    0.00000
  0.500     0.00000  
  1.000     0.00000  
  1.500     0.00000  
  2.000     0.00000  
  2.500     0.00000  
  3.000     0.00000  
  3.500     0.00000  
  4.000     0.00000  
  4.500     0.00000  
  5.000     0.00000  
  5.500     0.00000  
  6.000     0.00000  
  6.500     0.00000  
  7.000     0.00000  
  7.500     0.00000  
  8.000     0.00000  
  8.500     0.00001  
  9.000     0.00001  
  9.500     0.00001  
 10.000     0.00001  
 10.500     0.00001  
 11.000     0.00002  
 11.500     0.00002  
 12.000     0.00003  
 12.500     0.00003  
 13.000     0.00003  
 13.500     0.00004  
 14.000     0.00005  
 14.500     0.00006  
 15.000     0.00007  
 15.500     0.00008  
 16.000     0.00009  
 16.500     0.00010  
 17.000     0.00011  
 17.500     0.00013  
 18.000     0.00014  
 18.500     0.00016  
 19.000     0.00018  
 19.500     0.00020  
 20.000     0.00022  
 20.500     0.00024  
 21.000     0.00027  
 21.500     0.00030  
 22.000     0.00032  
 22.500     0.00035  
 23.000     0.00038  
 23.500     0.00042  
 24.000     0.00045  
 24.500     0.00049  
 25.000     0.00052  
 25.500     0.00057  
 26.000     0.00061  
 26.500     0.00065  
 27.000     0.00070  
 27.500     0.00075  
 28.000     0.00080  
 28.500     0.00085  
 29.000     0.00090  
 29.500     0.00096  
 30.000     0.00102  
 30.500     0.00108  
 31.000     0.00114  
 31.500     0.00121  
 32.000     0.00127  
 32.500     0.00134  
 33.000     0.00142  
 33.500     0.00149  
 34.000     0.00157  
 34.500     0.00165  
 35.000     0.00173  
 35.500     0.00181  
 36.000     0.00190  
 36.500     0.00199  
 37.000     0.00208  
 37.500     0.00217  
 38.000     0.00227  
 38.500     0.00236  
 39.000     0.00246  
 39.500     0.00257  
 40.000     0.00267  
 40.500     0.00278  
 41.000     0.00289  
 41.500     0.00301  
 42.000     0.00312  
 42.500     0.00324  
 43.000     0.00336  
 43.500     0.00348  
 44.000     0.00361  
 44.500     0.00374  
 45.000     0.00387  
 45.500     0.00400  
 46.000     0.00414  
 46.500     0.00428  
 47.000     0.00442  
 47.500     0.00456  
 48.000     0.00471  
 48.500     0.00485  
 49.000     0.00501  
 49.500     0.00516  
 50.000     0.00532  
 50.500     0.00548  
 51.000     0.00564  
 51.500     0.00580  
 52.000     0.00597  
 52.500     0.00614  
 53.000     0.00631  
 53.500     0.00648  
 54.000     0.00666  
 54.500     0.00684  
 55.000     0.00702  
 55.500     0.00721  
 56.000     0.00740  
 56.500     0.00759  
 57.000     0.00778  
 57.500     0.00797  
 58.000     0.00817  
 58.500     0.00837  
 59.000     0.00857  
 59.500     0.00878  
 60.000     0.00899  
 60.500     0.00920  
 61.000     0.00941  
 61.500     0.00963  
 62.000     0.00985  
 62.500     0.01007  
 63.000     0.01029  
 63.500     0.01052  
 64.000     0.01075  
 64.500     0.01098  
 65.000     0.01121  
 65.500     0.01145  
 66.000     0.01169  
 66.500     0.01193  
 67.000     0.01217  
 67.500     0.01242  
 68.000     0.01267  
 68.500     0.01292  
 69.000     0.01318  
 69.500     0.01343  
 70.000     0.01369  
 70.500     0.01395  
 71.000     0.01422  
 71.500     0.01449  
 72.000     0.01476  
 72.500     0.01503  
 73.000     0.01530  
 73.500     0.01558  
 74.000     0.01586  
 74.500     0.01614  
 75.000     0.01643  
 75.500     0.01671  
 76.000     0.01700  
 76.500     0.01730  
 77.000     0.01759  
 77.500     0.01789  
 78.000     0.01819  
 78.500     0.01849  
 79.000     0.01880  
 79.500     0.01910  
 80.000     0.01941  
 80.500     0.01973  
 81.000     0.02004  
 81.500     0.02036  
 82.000     0.02068  
 82.500     0.02100  
 83.000     0.02132  
 83.500     0.02165  
 84.000     0.02198  
 84.500     0.02231  
 85.000     0.02265  
 85.500     0.02299  
 86.000     0.02332  
 86.500     0.02367  
 87.000     0.02401  
 87.500     0.02436  
 88.000     0.02471  
 88.500     0.02506  
 89.000     0.02541  
 89.500     0.02577  
 90.000     0.02613  
 90.500     0.02649  
 91.000     0.02686  
 91.500     0.02722  
 92.000     0.02759  
 92.500     0.02796  
 93.000     0.02834  
 93.500     0.02871  
 94.000     0.02909  
 94.500     0.02947  
 95.000     0.02986  
 95.500     0.03024  
 96.000     0.03063  
 96.500     0.03102  
 97.000     0.03141  
 97.500     0.03181  
 98.000     0.03221  
 98.500     0.03261  
 99.000     0.03301  
 99.500     0.03342  
100.000     0.03382  
100.500     0.03423  
101.000     0.03465  
101.500     0.03506  
102.000     0.03548  
102.500     0.03590  
103.000     0.03632  
103.500     0.03674  
104.000     0.03717  
104.500     0.03760  
105.000     0.03803  
105.500     0.03847  
106.000     0.03890  
106.500     0.03934  
107.000     0.03978  
107.500     0.04023  
108.000     0.04067  
108.500     0.04112  
109.000     0.04157  
109.500     0.04202  
110.000     0.04248  
110.500     0.04294  
111.000     0.04340  
111.500     0.04386  
112.000     0.04432  
112.500     0.04479  
113.000     0.04526  
113.500     0.04573  
114.000     0.04621  
114.500     0.04668  
115.000     0.04716  
115.500     0.04764  
116.000     0.04813  
116.500     0.04861  
117.000     0.04910  
117.500     0.04959  
118.000     0.05008  
118.500     0.05058  
119.000     0.05107  
119.500     0.05157  
120.000     0.05208  
120.500     0.05258  
121.000     0.05309  
121.500     0.05360  
122.000     0.05411  
122.500     0.05462  
123.000     0.05514  
123.500     0.05566  
124.000     0.05618  
124.500     0.05670  
125.000     0.05723  
125.500     0.05775  
126.000     0.05828  
126.500     0.05882  
127.000     0.05935  
127.500     0.05989  
128.000     0.06043  
128.500     0.06097  
129.000     0.06151  
129.500     0.06206  
130.000     0.06261  
130.500     0.06316  
131.000     0.06371  
131.500     0.06427  
132.000     0.06482  
132.500     0.06538  
133.000     0.06595  
133.500     0.06651  
134.000     0.06708  
134.500     0.06765  
135.000     0.06822  
135.500     0.06879  
136.000     0.06937  
136.500     0.06995  
137.000     0.07053  
137.500     0.07111  
138.000     0.07169  
138.500     0.07228  
139.000     0.07287  
139.500     0.07346  
140.000     0.07406  
140.500     0.07465  
141.000     0.07525  
141.500     0.07585  
142.000     0.07645  
142.500     0.07706  
143.000     0.07767  
143.500     0.07828  
144.000     0.07889  
144.500     0.07950  
145.000     0.08012  
145.500     0.08074  
146.000     0.08136  
146.500     0.08198  
147.000     0.08261  
147.500     0.08324  
148.000     0.08387  
148.500     0.08450  
149.000     0.08514  
149.500     0.08577  
150.000     0.08641  
150.500     0.08705  
151.000     0.08770  
151.500     0.08834  
152.000     0.08899  
152.500     0.08964  
153.000     0.09029  
153.500     0.09095  
154.000     0.09160  
154.500     0.09226  
155.000     0.09292  
155.500     0.09359  
156.000     0.09425  
156.500     0.09492  
157.000     0.09559  
157.500     0.09626  
158.000     0.09694  
158.500     0.09762  
159.000     0.09829  
159.500     0.09897  
160.000     0.09966  
160.500     0.10034  
161.000     0.10103  
161.500     0.10172  
162.000     0.10241  
162.500     0.10311  
163.000     0.10380  
163.500     0.10450  
164.000     0.10520  
164.500     0.10591  
165.000     0.10661  
165.500     0.10732  
166.000     0.10803  
166.500     0.10874  
167.000     0.10946  
167.500     0.11017  
168.000     0.11089  
168.500     0.11161  
169.000     0.11233  
169.500     0.11306  
170.000     0.11378  
170.500     0.11451  
171.000     0.11524  
171.500     0.11598  
172.000     0.11671  
172.500     0.11745  
173.000     0.11819  
173.500     0.11893  
174.000     0.11968  
174.500     0.12042  
175.000     0.12117  
175.500     0.12192  
176.000     0.12268  
176.500     0.12343  
177.000     0.12419  
177.500     0.12495  
178.000     0.12571  
178.500     0.12647  
179.000     0.12724  
179.500     0.12800  
180.000     0.12877  
180.500     0.12954  
181.000     0.13032  
181.500     0.13109  
182.000     0.13187  
182.500     0.13265  
183.000     0.13344  
183.500     0.13422  
184.000     0.13501  
184.500     0.13580  
185.000     0.13659  
185.500     0.13738  
186.000     0.13817  
186.500     0.13897  
187.000     0.13977  
187.500     0.14057  
188.000     0.14138  
188.500     0.14218  
189.000     0.14299  
189.500     0.14380  
190.000     0.14461  
190.500     0.14542  
191.000     0.14624  
191.500     0.14706  
192.000     0.14788  
192.500     0.14870  
193.000     0.14952  
193.500     0.15035  
194.000     0.15118  
194.500     0.15201  
195.000     0.15284  
195.500     0.15367  
196.000     0.15451  
196.500     0.15535  
197.000     0.15619  
197.500     0.15703  
198.000     0.15787  
198.500     0.15872  
199.000     0.15957  
199.500     0.16042  
200.000     0.16127  
200.500     0.16213  
201.000     0.16298  
201.500     0.16384  
202.000     0.16470  
202.500     0.16556  
203.000     0.16643  
203.500     0.16730  
204.000     0.16816  
204.500     0.16904  
205.000     0.16991  
205.500     0.17078  
206.000     0.17166  
206.500     0.17254  
207.000     0.17342  
207.500     0.17430  
208.000     0.17519  
208.500     0.17607  
209.000     0.17696  
209.500     0.17785  
210.000     0.17874  
210.500     0.17964  
211.000     0.18053  
211.500     0.18143  
212.000     0.18233  
212.500     0.18323  
213.000     0.18414  
213.500     0.18504  
214.000     0.18595  
214.500     0.18686  
215.000     0.18777  
215.500     0.18869  
216.000     0.18960  
216.500     0.19052  
217.000     0.19144  
217.500     0.19236  
218.000     0.19329  
218.500     0.19421  
219.000     0.19514  
219.500     0.19607  
220.000     0.19700  
220.500     0.19793  
221.000     0.19887  
221.500     0.19981  
222.000     0.20075  
222.500     0.20169  
223.000     0.20263  
223.500     0.20357  
224.000     0.20452  
224.500     0.20547  
225.000     0.20642  
225.500     0.20737  
226.000     0.20832  
226.500     0.20928  
227.000     0.21024  
227.500     0.21120  
228.000     0.21216  
228.500     0.21312  
229.000     0.21409  
229.500     0.21505  
230.000     0.21602  
230.500     0.21699  
231.000     0.21797  
231.500     0.21894  
232.000     0.21992  
232.500     0.22090  
233.000     0.22187  
233.500     0.22286  
234.000     0.22384  
234.500     0.22483  
235.000     0.22581  
235.500     0.22680  
236.000     0.22779  
236.500     0.22879  
237.000     0.22978  
237.500     0.23078  
238.000     0.23177  
238.500     0.23277  
239.000     0.23378  
239.500     0.23478  
240.000     0.23578  
240.500     0.23679  
241.000     0.23780  
241.500     0.23881  
242.000     0.23982  
242.500     0.24084  
243.000     0.24185  
243.500     0.24287  
244.000     0.24389  
244.500     0.24491  
245.000     0.24593  
245.500     0.24696  
246.000     0.24799  
246.500     0.24901  
247.000     0.25004  
247.500     0.25108  
248.000     0.25211  
248.500     0.25314  
249.000     0.25418  
249.500     0.25522  
250.000     0.25626  
250.500     0.25730  
251.000     0.25835  
251.500     0.25939  
252.000     0.26044  
252.500     0.26149  
253.000     0.26254  
253.500     0.26359  
254.000     0.26464  
254.500     0.26570  
255.000     0.26676  
255.500     0.26782  
256.000     0.26888  
256.500     0.26994  
257.000     0.27100  
257.500     0.27207  
258.000     0.27314  
258.500     0.27421  
259.000     0.27528  
259.500     0.27635  
260.000     0.27742  
260.500     0.27850  
261.000     0.27957  
261.500     0.28065  
262.000     0.28173  
262.500     0.28282  
263.000     0.28390  
263.500     0.28499  
264.000     0.28607  
264.500     0.28716  
265.000     0.28825  
265.500     0.28934  
266.000     0.29044  
266.500     0.29153  
267.000     0.29263  
267.500     0.29373  
268.000     0.29483  
268.500     0.29593  
269.000     0.29703  
269.500     0.29814  
270.000     0.29924  
270.500     0.30035  
271.000     0.30146  
271.500     0.30257  
272.000     0.30368  
272.500     0.30480  
273.000     0.30591  
273.500     0.30703  
274.000     0.30815  
274.500     0.30927  
275.000     0.31039  
275.500     0.31152  
276.000     0.31264  
276.500     0.31377  
277.000     0.31489  
277.500     0.31602  
278.000     0.31715  
278.500     0.31829  
279.000     0.31942  
279.500     0.32056  
280.000     0.32169  
280.500     0.32283  
281.000     0.32397  
281.500     0.32511  
282.000     0.32626  
282.500     0.32740  
283.000     0.32855  
283.500     0.32970  
284.000     0.33084  
284.500     0.33200  
285.000     0.33315  
285.500     0.33430  
286.000     0.33546  
286.500     0.33661  
287.000     0.33777  
287.500     0.33893  
288.000     0.34009  
288.500     0.34125  
289.000     0.34241  
289.500     0.34358  
290.000     0.34475  
290.500     0.34591  
291.000     0.34708  
291.500     0.34825  
292.000     0.34942  
292.500     0.35060  
293.000     0.35177  
293.500     0.35295  
294.000     0.35413  
294.500     0.35531  
295.000     0.35649  
295.500     0.35767  
296.000     0.35885  
296.500     0.36004  
297.000     0.36122  
297.500     0.36241  
298.000     0.36360  
298.500     0.36479  
299.000     0.36598  
299.500     0.36717  
300.000     0.36837  
300.500     0.36956  
301.000     0.37076  
301.500     0.37196  
302.000     0.37316  
302.500     0.37436  
303.000     0.37556  
303.500     0.37676  
304.000     0.37797  
304.500     0.37917  
305.000     0.38038  
305.500     0.38159  
306.000     0.38280  
306.500     0.38401  
307.000     0.38522  
307.500     0.38644  
308.000     0.38765  
308.500     0.38887  
309.000     0.39009  
309.500     0.39131  
310.000     0.39253  
310.500     0.39375  
311.000     0.39497  
311.500     0.39620  
312.000     0.39742  
312.500     0.39865  
313.000     0.39988  
313.500     0.40110  
314.000     0.40233  
314.500     0.40357  
315.000     0.40480  
315.500     0.40603  
316.000     0.40727  
316.500     0.40850  
317.000     0.40974  
317.500     0.41098  
318.000     0.41222  
318.500     0.41346  
319.000     0.41471  
319.500     0.41595  
320.000     0.41719  
320.500     0.41844  
321.000     0.41969  
321.500     0.42094  
322.000     0.42219  
322.500     0.42344  
323.000     0.42469  
323.500     0.42594  
324.000     0.42720  
324.500     0.42845  
325.000     0.42971  
325.500     0.43097  
326.000     0.43223  
326.500     0.43349  
327.000     0.43475  
327.500     0.43601  
328.000     0.43727  
328.500     0.43854  
329.000     0.43980  
329.500     0.44107  
330.000     0.44234  
330.500     0.44361  
331.000     0.44488  
331.500     0.44615  
332.000     0.44742  
332.500     0.44869  
333.000     0.44997  
333.500     0.45125  
334.000     0.45252  
334.500     0.45380  
335.000     0.45508  
335.500     0.45636  
336.000     0.45764  
336.500     0.45892  
337.000     0.46021  
337.500     0.46149  
338.000     0.46277  
338.500     0.46406  
339.000     0.46535  
339.500     0.46664  
340.000     0.46793  
340.500     0.46922  
341.000     0.47051  
341.500     0.47180  
342.000     0.47309  
342.500     0.47439  
343.000     0.47568  
343.500     0.47698  
344.000     0.47828  
344.500     0.47958  
345.000     0.48088  
345.500     0.48218  
346.000     0.48348  
346.500     0.48478  
347.000     0.48609  
347.500     0.48739  
348.000     0.48869  
348.500     0.49000  
349.000     0.49131  
349.500     0.49262  
350.000     0.49393  
