#Tlab      phaseshift          pwa93   
  0.000     0.00000
  0.005     0.00000  
  0.010     0.00000  
  0.015     0.00000  
  0.020     0.00000 
  0.040    -0.00000  
  0.060     0.00000  
  0.080    -0.00000  
  0.100     0.00000  
  0.120     0.00000  
  0.140     0.00000  
  0.160    -0.00000  
  0.180    -0.00000  
  0.200    -0.00000  
  0.220     0.00000  
  0.240     0.00000  
  0.260    -0.00000  
  0.280    -0.00000  
  0.300     0.00000  
  0.320     0.00000  
  0.340     0.00000  
  0.360    -0.00000  
  0.380    -0.00000  
  0.400     0.00000  
  0.420     0.00000  
  0.440     0.00000  
  0.460    -0.00000  
  0.480    -0.00000    
  0.500     0.00000  
  1.000     0.00000  
  1.500     0.00000  
  2.000     0.00000  
  2.500     0.00000  
  3.000     0.00000  
  3.500     0.00000  
  4.000    -0.00000  
  4.500    -0.00000  
  5.000    -0.00000  
  5.500    -0.00000  
  6.000    -0.00001  
  6.500    -0.00001  
  7.000    -0.00001  
  7.500    -0.00002  
  8.000    -0.00002  
  8.500    -0.00003  
  9.000    -0.00004  
  9.500    -0.00005  
 10.000    -0.00006  
 10.500    -0.00007  
 11.000    -0.00009  
 11.500    -0.00011  
 12.000    -0.00013  
 12.500    -0.00016  
 13.000    -0.00019  
 13.500    -0.00022  
 14.000    -0.00026  
 14.500    -0.00030  
 15.000    -0.00035  
 15.500    -0.00040  
 16.000    -0.00046  
 16.500    -0.00052  
 17.000    -0.00058  
 17.500    -0.00065  
 18.000    -0.00073  
 18.500    -0.00082  
 19.000    -0.00090  
 19.500    -0.00100  
 20.000    -0.00110  
 20.500    -0.00121  
 21.000    -0.00133  
 21.500    -0.00145  
 22.000    -0.00158  
 22.500    -0.00171  
 23.000    -0.00186  
 23.500    -0.00201  
 24.000    -0.00217  
 24.500    -0.00233  
 25.000    -0.00251  
 25.500    -0.00269  
 26.000    -0.00288  
 26.500    -0.00308  
 27.000    -0.00329  
 27.500    -0.00350  
 28.000    -0.00372  
 28.500    -0.00396  
 29.000    -0.00420  
 29.500    -0.00444  
 30.000    -0.00470  
 30.500    -0.00497  
 31.000    -0.00524  
 31.500    -0.00553  
 32.000    -0.00582  
 32.500    -0.00612  
 33.000    -0.00643  
 33.500    -0.00675  
 34.000    -0.00708  
 34.500    -0.00741  
 35.000    -0.00776  
 35.500    -0.00812  
 36.000    -0.00848  
 36.500    -0.00885  
 37.000    -0.00924  
 37.500    -0.00963  
 38.000    -0.01003  
 38.500    -0.01044  
 39.000    -0.01086  
 39.500    -0.01129  
 40.000    -0.01172  
 40.500    -0.01217  
 41.000    -0.01263  
 41.500    -0.01309  
 42.000    -0.01357  
 42.500    -0.01405  
 43.000    -0.01454  
 43.500    -0.01504  
 44.000    -0.01555  
 44.500    -0.01607  
 45.000    -0.01660  
 45.500    -0.01714  
 46.000    -0.01769  
 46.500    -0.01824  
 47.000    -0.01881  
 47.500    -0.01938  
 48.000    -0.01997  
 48.500    -0.02056  
 49.000    -0.02116  
 49.500    -0.02177  
 50.000    -0.02239  
 50.500    -0.02301  
 51.000    -0.02365  
 51.500    -0.02430  
 52.000    -0.02495  
 52.500    -0.02561  
 53.000    -0.02628  
 53.500    -0.02696  
 54.000    -0.02765  
 54.500    -0.02835  
 55.000    -0.02906  
 55.500    -0.02977  
 56.000    -0.03049  
 56.500    -0.03122  
 57.000    -0.03196  
 57.500    -0.03271  
 58.000    -0.03347  
 58.500    -0.03423  
 59.000    -0.03501  
 59.500    -0.03579  
 60.000    -0.03658  
 60.500    -0.03737  
 61.000    -0.03818  
 61.500    -0.03900  
 62.000    -0.03982  
 62.500    -0.04065  
 63.000    -0.04149  
 63.500    -0.04233  
 64.000    -0.04319  
 64.500    -0.04405  
 65.000    -0.04492  
 65.500    -0.04579  
 66.000    -0.04668  
 66.500    -0.04757  
 67.000    -0.04847  
 67.500    -0.04938  
 68.000    -0.05030  
 68.500    -0.05122  
 69.000    -0.05215  
 69.500    -0.05309  
 70.000    -0.05404  
 70.500    -0.05499  
 71.000    -0.05595  
 71.500    -0.05692  
 72.000    -0.05790  
 72.500    -0.05888  
 73.000    -0.05987  
 73.500    -0.06087  
 74.000    -0.06187  
 74.500    -0.06288  
 75.000    -0.06390  
 75.500    -0.06493  
 76.000    -0.06596  
 76.500    -0.06700  
 77.000    -0.06804  
 77.500    -0.06910  
 78.000    -0.07016  
 78.500    -0.07122  
 79.000    -0.07230  
 79.500    -0.07338  
 80.000    -0.07447  
 80.500    -0.07556  
 81.000    -0.07666  
 81.500    -0.07777  
 82.000    -0.07888  
 82.500    -0.08000  
 83.000    -0.08113  
 83.500    -0.08226  
 84.000    -0.08340  
 84.500    -0.08454  
 85.000    -0.08569  
 85.500    -0.08685  
 86.000    -0.08802  
 86.500    -0.08919  
 87.000    -0.09036  
 87.500    -0.09155  
 88.000    -0.09273  
 88.500    -0.09393  
 89.000    -0.09513  
 89.500    -0.09634  
 90.000    -0.09755  
 90.500    -0.09877  
 91.000    -0.09999  
 91.500    -0.10122  
 92.000    -0.10246  
 92.500    -0.10370  
 93.000    -0.10495  
 93.500    -0.10620  
 94.000    -0.10746  
 94.500    -0.10872  
 95.000    -0.10999  
 95.500    -0.11127  
 96.000    -0.11255  
 96.500    -0.11384  
 97.000    -0.11513  
 97.500    -0.11643  
 98.000    -0.11773  
 98.500    -0.11904  
 99.000    -0.12035  
 99.500    -0.12167  
100.000    -0.12300  
100.500    -0.12433  
101.000    -0.12566  
101.500    -0.12700  
102.000    -0.12834  
102.500    -0.12969  
103.000    -0.13105  
103.500    -0.13241  
104.000    -0.13377  
104.500    -0.13514  
105.000    -0.13652  
105.500    -0.13790  
106.000    -0.13928  
106.500    -0.14067  
107.000    -0.14207  
107.500    -0.14346  
108.000    -0.14487  
108.500    -0.14628  
109.000    -0.14769  
109.500    -0.14911  
110.000    -0.15053  
110.500    -0.15196  
111.000    -0.15339  
111.500    -0.15482  
112.000    -0.15626  
112.500    -0.15771  
113.000    -0.15916  
113.500    -0.16061  
114.000    -0.16207  
114.500    -0.16353  
115.000    -0.16500  
115.500    -0.16647  
116.000    -0.16795  
116.500    -0.16943  
117.000    -0.17091  
117.500    -0.17240  
118.000    -0.17389  
118.500    -0.17539  
119.000    -0.17689  
119.500    -0.17839  
120.000    -0.17990  
120.500    -0.18142  
121.000    -0.18293  
121.500    -0.18445  
122.000    -0.18598  
122.500    -0.18751  
123.000    -0.18904  
123.500    -0.19057  
124.000    -0.19212  
124.500    -0.19366  
125.000    -0.19521  
125.500    -0.19676  
126.000    -0.19831  
126.500    -0.19987  
127.000    -0.20144  
127.500    -0.20300  
128.000    -0.20457  
128.500    -0.20615  
129.000    -0.20772  
129.500    -0.20930  
130.000    -0.21089  
130.500    -0.21248  
131.000    -0.21407  
131.500    -0.21566  
132.000    -0.21726  
132.500    -0.21886  
133.000    -0.22047  
133.500    -0.22208  
134.000    -0.22369  
134.500    -0.22530  
135.000    -0.22692  
135.500    -0.22854  
136.000    -0.23017  
136.500    -0.23180  
137.000    -0.23343  
137.500    -0.23506  
138.000    -0.23670  
138.500    -0.23834  
139.000    -0.23998  
139.500    -0.24163  
140.000    -0.24328  
140.500    -0.24493  
141.000    -0.24659  
141.500    -0.24825  
142.000    -0.24991  
142.500    -0.25158  
143.000    -0.25325  
143.500    -0.25492  
144.000    -0.25659  
144.500    -0.25827  
145.000    -0.25995  
145.500    -0.26163  
146.000    -0.26332  
146.500    -0.26500  
147.000    -0.26670  
147.500    -0.26839  
148.000    -0.27009  
148.500    -0.27178  
149.000    -0.27349  
149.500    -0.27519  
150.000    -0.27690  
150.500    -0.27861  
151.000    -0.28032  
151.500    -0.28204  
152.000    -0.28375  
152.500    -0.28547  
153.000    -0.28720  
153.500    -0.28892  
154.000    -0.29065  
154.500    -0.29238  
155.000    -0.29411  
155.500    -0.29585  
156.000    -0.29759  
156.500    -0.29933  
157.000    -0.30107  
157.500    -0.30281  
158.000    -0.30456  
158.500    -0.30631  
159.000    -0.30806  
159.500    -0.30982  
160.000    -0.31157  
160.500    -0.31333  
161.000    -0.31509  
161.500    -0.31686  
162.000    -0.31862  
162.500    -0.32039  
163.000    -0.32216  
163.500    -0.32393  
164.000    -0.32571  
164.500    -0.32748  
165.000    -0.32926  
165.500    -0.33104  
166.000    -0.33282  
166.500    -0.33461  
167.000    -0.33639  
167.500    -0.33818  
168.000    -0.33997  
168.500    -0.34177  
169.000    -0.34356  
169.500    -0.34536  
170.000    -0.34716  
170.500    -0.34896  
171.000    -0.35076  
171.500    -0.35256  
172.000    -0.35437  
172.500    -0.35618  
173.000    -0.35799  
173.500    -0.35980  
174.000    -0.36161  
174.500    -0.36343  
175.000    -0.36525  
175.500    -0.36707  
176.000    -0.36889  
176.500    -0.37071  
177.000    -0.37253  
177.500    -0.37436  
178.000    -0.37619  
178.500    -0.37802  
179.000    -0.37985  
179.500    -0.38168  
180.000    -0.38351  
180.500    -0.38535  
181.000    -0.38719  
181.500    -0.38903  
182.000    -0.39087  
182.500    -0.39271  
183.000    -0.39455  
183.500    -0.39640  
184.000    -0.39825  
184.500    -0.40009  
185.000    -0.40194  
185.500    -0.40380  
186.000    -0.40565  
186.500    -0.40750  
187.000    -0.40936  
187.500    -0.41121  
188.000    -0.41307  
188.500    -0.41493  
189.000    -0.41679  
189.500    -0.41866  
190.000    -0.42052  
190.500    -0.42239  
191.000    -0.42425  
191.500    -0.42612  
192.000    -0.42799  
192.500    -0.42986  
193.000    -0.43173  
193.500    -0.43361  
194.000    -0.43548  
194.500    -0.43736  
195.000    -0.43924  
195.500    -0.44111  
196.000    -0.44299  
196.500    -0.44487  
197.000    -0.44676  
197.500    -0.44864  
198.000    -0.45052  
198.500    -0.45241  
199.000    -0.45430  
199.500    -0.45618  
200.000    -0.45807  
200.500    -0.45996  
201.000    -0.46185  
201.500    -0.46375  
202.000    -0.46564  
202.500    -0.46753  
203.000    -0.46943  
203.500    -0.47132  
204.000    -0.47322  
204.500    -0.47512  
205.000    -0.47702  
205.500    -0.47892  
206.000    -0.48082  
206.500    -0.48272  
207.000    -0.48463  
207.500    -0.48653  
208.000    -0.48844  
208.500    -0.49034  
209.000    -0.49225  
209.500    -0.49416  
210.000    -0.49606  
210.500    -0.49797  
211.000    -0.49989  
211.500    -0.50180  
212.000    -0.50371  
212.500    -0.50562  
213.000    -0.50754  
213.500    -0.50945  
214.000    -0.51137  
214.500    -0.51328  
215.000    -0.51520  
215.500    -0.51712  
216.000    -0.51904  
216.500    -0.52096  
217.000    -0.52288  
217.500    -0.52480  
218.000    -0.52672  
218.500    -0.52864  
219.000    -0.53056  
219.500    -0.53249  
220.000    -0.53441  
220.500    -0.53634  
221.000    -0.53826  
221.500    -0.54019  
222.000    -0.54212  
222.500    -0.54404  
223.000    -0.54597  
223.500    -0.54790  
224.000    -0.54983  
224.500    -0.55176  
225.000    -0.55369  
225.500    -0.55562  
226.000    -0.55755  
226.500    -0.55949  
227.000    -0.56142  
227.500    -0.56335  
228.000    -0.56529  
228.500    -0.56722  
229.000    -0.56916  
229.500    -0.57109  
230.000    -0.57303  
230.500    -0.57496  
231.000    -0.57690  
231.500    -0.57884  
232.000    -0.58078  
232.500    -0.58272  
233.000    -0.58465  
233.500    -0.58659  
234.000    -0.58853  
234.500    -0.59047  
235.000    -0.59242  
235.500    -0.59436  
236.000    -0.59630  
236.500    -0.59824  
237.000    -0.60018  
237.500    -0.60212  
238.000    -0.60407  
238.500    -0.60601  
239.000    -0.60795  
239.500    -0.60990  
240.000    -0.61184  
240.500    -0.61379  
241.000    -0.61573  
241.500    -0.61768  
242.000    -0.61962  
242.500    -0.62157  
243.000    -0.62351  
243.500    -0.62546  
244.000    -0.62741  
244.500    -0.62935  
245.000    -0.63130  
245.500    -0.63325  
246.000    -0.63520  
246.500    -0.63714  
247.000    -0.63909  
247.500    -0.64104  
248.000    -0.64299  
248.500    -0.64494  
249.000    -0.64689  
249.500    -0.64883  
250.000    -0.65078  
250.500    -0.65273  
251.000    -0.65468  
251.500    -0.65663  
252.000    -0.65858  
252.500    -0.66053  
253.000    -0.66248  
253.500    -0.66443  
254.000    -0.66638  
254.500    -0.66833  
255.000    -0.67029  
255.500    -0.67224  
256.000    -0.67419  
256.500    -0.67614  
257.000    -0.67809  
257.500    -0.68004  
258.000    -0.68199  
258.500    -0.68394  
259.000    -0.68589  
259.500    -0.68784  
260.000    -0.68980  
260.500    -0.69175  
261.000    -0.69370  
261.500    -0.69565  
262.000    -0.69760  
262.500    -0.69955  
263.000    -0.70150  
263.500    -0.70345  
264.000    -0.70541  
264.500    -0.70736  
265.000    -0.70931  
265.500    -0.71126  
266.000    -0.71321  
266.500    -0.71516  
267.000    -0.71711  
267.500    -0.71906  
268.000    -0.72101  
268.500    -0.72297  
269.000    -0.72492  
269.500    -0.72687  
270.000    -0.72882  
270.500    -0.73077  
271.000    -0.73272  
271.500    -0.73467  
272.000    -0.73662  
272.500    -0.73857  
273.000    -0.74052  
273.500    -0.74247  
274.000    -0.74442  
274.500    -0.74637  
275.000    -0.74832  
275.500    -0.75027  
276.000    -0.75222  
276.500    -0.75417  
277.000    -0.75611  
277.500    -0.75806  
278.000    -0.76001  
278.500    -0.76196  
279.000    -0.76391  
279.500    -0.76586  
280.000    -0.76780  
280.500    -0.76975  
281.000    -0.77170  
281.500    -0.77364  
282.000    -0.77559  
282.500    -0.77754  
283.000    -0.77948  
283.500    -0.78143  
284.000    -0.78338  
284.500    -0.78532  
285.000    -0.78727  
285.500    -0.78921  
286.000    -0.79116  
286.500    -0.79310  
287.000    -0.79504  
287.500    -0.79699  
288.000    -0.79893  
288.500    -0.80087  
289.000    -0.80282  
289.500    -0.80476  
290.000    -0.80670  
290.500    -0.80864  
291.000    -0.81059  
291.500    -0.81253  
292.000    -0.81447  
292.500    -0.81641  
293.000    -0.81835  
293.500    -0.82029  
294.000    -0.82223  
294.500    -0.82417  
295.000    -0.82611  
295.500    -0.82805  
296.000    -0.82998  
296.500    -0.83192  
297.000    -0.83386  
297.500    -0.83580  
298.000    -0.83773  
298.500    -0.83967  
299.000    -0.84161  
299.500    -0.84354  
300.000    -0.84548  
300.500    -0.84741  
301.000    -0.84934  
301.500    -0.85128  
302.000    -0.85321  
302.500    -0.85515  
303.000    -0.85708  
303.500    -0.85901  
304.000    -0.86094  
304.500    -0.86287  
305.000    -0.86480  
305.500    -0.86673  
306.000    -0.86866  
306.500    -0.87059  
307.000    -0.87252  
307.500    -0.87445  
308.000    -0.87638  
308.500    -0.87830  
309.000    -0.88023  
309.500    -0.88216  
310.000    -0.88408  
310.500    -0.88601  
311.000    -0.88793  
311.500    -0.88986  
312.000    -0.89178  
312.500    -0.89371  
313.000    -0.89563  
313.500    -0.89755  
314.000    -0.89947  
314.500    -0.90139  
315.000    -0.90331  
315.500    -0.90523  
316.000    -0.90715  
316.500    -0.90907  
317.000    -0.91099  
317.500    -0.91291  
318.000    -0.91483  
318.500    -0.91674  
319.000    -0.91866  
319.500    -0.92058  
320.000    -0.92249  
320.500    -0.92441  
321.000    -0.92632  
321.500    -0.92823  
322.000    -0.93015  
322.500    -0.93206  
323.000    -0.93397  
323.500    -0.93588  
324.000    -0.93779  
324.500    -0.93970  
325.000    -0.94161  
325.500    -0.94352  
326.000    -0.94543  
326.500    -0.94733  
327.000    -0.94924  
327.500    -0.95114  
328.000    -0.95305  
328.500    -0.95495  
329.000    -0.95686  
329.500    -0.95876  
330.000    -0.96066  
330.500    -0.96257  
331.000    -0.96447  
331.500    -0.96637  
332.000    -0.96827  
332.500    -0.97017  
333.000    -0.97207  
333.500    -0.97397  
334.000    -0.97586  
334.500    -0.97776  
335.000    -0.97966  
335.500    -0.98155  
336.000    -0.98345  
336.500    -0.98534  
337.000    -0.98723  
337.500    -0.98913  
338.000    -0.99102  
338.500    -0.99291  
339.000    -0.99480  
339.500    -0.99669  
340.000    -0.99858  
340.500    -1.00047  
341.000    -1.00235  
341.500    -1.00424  
342.000    -1.00613  
342.500    -1.00801  
343.000    -1.00990  
343.500    -1.01178  
344.000    -1.01366  
344.500    -1.01554  
345.000    -1.01743  
345.500    -1.01931  
346.000    -1.02119  
346.500    -1.02307  
347.000    -1.02494  
347.500    -1.02682  
348.000    -1.02870  
348.500    -1.03058  
349.000    -1.03245  
349.500    -1.03433  
350.000    -1.03620  
