#  Tlab    phaseshift     pwa93   
  0.000     0.00000  
  0.005    0.00000
  0.010    0.00000
  0.015    0.00000
  0.020    0.00000
  0.040    0.00000
  0.060    0.00000
  0.080    0.00000
  0.100    0.00000
  0.120    0.00000
  0.140    0.00000
  0.160    0.00000
  0.180    0.00000
  0.200    0.00000
  0.220    0.00000
  0.240    0.00000
  0.260    0.00000
  0.280    0.00000
  0.300    0.00000
  0.320    0.00000
  0.340    0.00000
  0.360    0.00000
  0.380    0.00000
  0.400    0.00000
  0.420    0.00000
  0.440    0.00000
  0.460    0.00000
  0.480    0.00000
  0.500     0.00000  
  1.000     0.00000  
  1.500     0.00000  
  2.000     0.00000  
  2.500     0.00000  
  3.000     0.00000  
  3.500     0.00000  
  4.000     0.00000  
  4.500     0.00000  
  5.000     0.00000  
  5.500     0.00000  
  6.000     0.00000  
  6.500     0.00000  
  7.000     0.00000  
  7.500     0.00000  
  8.000     0.00000  
  8.500     0.00000  
  9.000    -0.00001  
  9.500    -0.00001  
 10.000    -0.00001  
 10.500    -0.00001  
 11.000    -0.00002  
 11.500    -0.00002  
 12.000    -0.00002  
 12.500    -0.00003  
 13.000    -0.00003  
 13.500    -0.00004  
 14.000    -0.00005  
 14.500    -0.00006  
 15.000    -0.00007  
 15.500    -0.00008  
 16.000    -0.00010  
 16.500    -0.00011  
 17.000    -0.00013  
 17.500    -0.00015  
 18.000    -0.00017  
 18.500    -0.00019  
 19.000    -0.00022  
 19.500    -0.00024  
 20.000    -0.00027  
 20.500    -0.00030  
 21.000    -0.00034  
 21.500    -0.00038  
 22.000    -0.00042  
 22.500    -0.00046  
 23.000    -0.00050  
 23.500    -0.00055  
 24.000    -0.00060  
 24.500    -0.00065  
 25.000    -0.00071  
 25.500    -0.00077  
 26.000    -0.00083  
 26.500    -0.00090  
 27.000    -0.00097  
 27.500    -0.00104  
 28.000    -0.00112  
 28.500    -0.00120  
 29.000    -0.00129  
 29.500    -0.00138  
 30.000    -0.00147  
 30.500    -0.00156  
 31.000    -0.00166  
 31.500    -0.00177  
 32.000    -0.00187  
 32.500    -0.00199  
 33.000    -0.00210  
 33.500    -0.00222  
 34.000    -0.00234  
 34.500    -0.00247  
 35.000    -0.00261  
 35.500    -0.00274  
 36.000    -0.00288  
 36.500    -0.00303  
 37.000    -0.00318  
 37.500    -0.00333  
 38.000    -0.00349  
 38.500    -0.00365  
 39.000    -0.00382  
 39.500    -0.00399  
 40.000    -0.00417  
 40.500    -0.00435  
 41.000    -0.00454  
 41.500    -0.00473  
 42.000    -0.00492  
 42.500    -0.00512  
 43.000    -0.00532  
 43.500    -0.00553  
 44.000    -0.00574  
 44.500    -0.00596  
 45.000    -0.00618  
 45.500    -0.00641  
 46.000    -0.00664  
 46.500    -0.00687  
 47.000    -0.00711  
 47.500    -0.00736  
 48.000    -0.00761  
 48.500    -0.00786  
 49.000    -0.00812  
 49.500    -0.00838  
 50.000    -0.00865  
 50.500    -0.00892  
 51.000    -0.00920  
 51.500    -0.00948  
 52.000    -0.00976  
 52.500    -0.01005  
 53.000    -0.01035  
 53.500    -0.01065  
 54.000    -0.01095  
 54.500    -0.01126  
 55.000    -0.01157  
 55.500    -0.01189  
 56.000    -0.01221  
 56.500    -0.01254  
 57.000    -0.01287  
 57.500    -0.01320  
 58.000    -0.01354  
 58.500    -0.01388  
 59.000    -0.01423  
 59.500    -0.01458  
 60.000    -0.01494  
 60.500    -0.01530  
 61.000    -0.01566  
 61.500    -0.01603  
 62.000    -0.01640  
 62.500    -0.01678  
 63.000    -0.01716  
 63.500    -0.01755  
 64.000    -0.01794  
 64.500    -0.01833  
 65.000    -0.01873  
 65.500    -0.01913  
 66.000    -0.01954  
 66.500    -0.01995  
 67.000    -0.02037  
 67.500    -0.02078  
 68.000    -0.02121  
 68.500    -0.02163  
 69.000    -0.02206  
 69.500    -0.02250  
 70.000    -0.02294  
 70.500    -0.02338  
 71.000    -0.02382  
 71.500    -0.02427  
 72.000    -0.02473  
 72.500    -0.02518  
 73.000    -0.02565  
 73.500    -0.02611  
 74.000    -0.02658  
 74.500    -0.02705  
 75.000    -0.02753  
 75.500    -0.02801  
 76.000    -0.02849  
 76.500    -0.02898  
 77.000    -0.02947  
 77.500    -0.02996  
 78.000    -0.03046  
 78.500    -0.03096  
 79.000    -0.03146  
 79.500    -0.03197  
 80.000    -0.03248  
 80.500    -0.03300  
 81.000    -0.03352  
 81.500    -0.03404  
 82.000    -0.03456  
 82.500    -0.03509  
 83.000    -0.03562  
 83.500    -0.03616  
 84.000    -0.03670  
 84.500    -0.03724  
 85.000    -0.03778  
 85.500    -0.03833  
 86.000    -0.03888  
 86.500    -0.03944  
 87.000    -0.04000  
 87.500    -0.04056  
 88.000    -0.04112  
 88.500    -0.04169  
 89.000    -0.04226  
 89.500    -0.04283  
 90.000    -0.04340  
 90.500    -0.04398  
 91.000    -0.04456  
 91.500    -0.04515  
 92.000    -0.04574  
 92.500    -0.04633  
 93.000    -0.04692  
 93.500    -0.04752  
 94.000    -0.04811  
 94.500    -0.04872  
 95.000    -0.04932  
 95.500    -0.04993  
 96.000    -0.05054  
 96.500    -0.05115  
 97.000    -0.05176  
 97.500    -0.05238  
 98.000    -0.05300  
 98.500    -0.05363  
 99.000    -0.05425  
 99.500    -0.05488  
100.000    -0.05551  
100.500    -0.05615  
101.000    -0.05678  
101.500    -0.05742  
102.000    -0.05806  
102.500    -0.05870  
103.000    -0.05935  
103.500    -0.06000  
104.000    -0.06065  
104.500    -0.06130  
105.000    -0.06196  
105.500    -0.06262  
106.000    -0.06328  
106.500    -0.06394  
107.000    -0.06460  
107.500    -0.06527  
108.000    -0.06594  
108.500    -0.06661  
109.000    -0.06729  
109.500    -0.06796  
110.000    -0.06864  
110.500    -0.06932  
111.000    -0.07000  
111.500    -0.07069  
112.000    -0.07137  
112.500    -0.07206  
113.000    -0.07275  
113.500    -0.07345  
114.000    -0.07414  
114.500    -0.07484  
115.000    -0.07554  
115.500    -0.07624  
116.000    -0.07694  
116.500    -0.07765  
117.000    -0.07835  
117.500    -0.07906  
118.000    -0.07977  
118.500    -0.08048  
119.000    -0.08120  
119.500    -0.08191  
120.000    -0.08263  
120.500    -0.08335  
121.000    -0.08407  
121.500    -0.08480  
122.000    -0.08552  
122.500    -0.08625  
123.000    -0.08698  
123.500    -0.08771  
124.000    -0.08844  
124.500    -0.08917  
125.000    -0.08991  
125.500    -0.09065  
126.000    -0.09138  
126.500    -0.09212  
127.000    -0.09287  
127.500    -0.09361  
128.000    -0.09435  
128.500    -0.09510  
129.000    -0.09585  
129.500    -0.09660  
130.000    -0.09735  
130.500    -0.09810  
131.000    -0.09886  
131.500    -0.09961  
132.000    -0.10037  
132.500    -0.10113  
133.000    -0.10189  
133.500    -0.10265  
134.000    -0.10341  
134.500    -0.10418  
135.000    -0.10494  
135.500    -0.10571  
136.000    -0.10648  
136.500    -0.10725  
137.000    -0.10802  
137.500    -0.10879  
138.000    -0.10956  
138.500    -0.11034  
139.000    -0.11111  
139.500    -0.11189  
140.000    -0.11267  
140.500    -0.11345  
141.000    -0.11423  
141.500    -0.11501  
142.000    -0.11579  
142.500    -0.11658  
143.000    -0.11737  
143.500    -0.11815  
144.000    -0.11894  
144.500    -0.11973  
145.000    -0.12052  
145.500    -0.12131  
146.000    -0.12210  
146.500    -0.12290  
147.000    -0.12369  
147.500    -0.12449  
148.000    -0.12529  
148.500    -0.12608  
149.000    -0.12688  
149.500    -0.12768  
150.000    -0.12848  
150.500    -0.12928  
151.000    -0.13009  
151.500    -0.13089  
152.000    -0.13170  
152.500    -0.13250  
153.000    -0.13331  
153.500    -0.13412  
154.000    -0.13492  
154.500    -0.13573  
155.000    -0.13654  
155.500    -0.13735  
156.000    -0.13817  
156.500    -0.13898  
157.000    -0.13979  
157.500    -0.14061  
158.000    -0.14142  
158.500    -0.14224  
159.000    -0.14306  
159.500    -0.14388  
160.000    -0.14469  
160.500    -0.14551  
161.000    -0.14633  
161.500    -0.14715  
162.000    -0.14798  
162.500    -0.14880  
163.000    -0.14962  
163.500    -0.15045  
164.000    -0.15127  
164.500    -0.15210  
165.000    -0.15292  
165.500    -0.15375  
166.000    -0.15458  
166.500    -0.15540  
167.000    -0.15623  
167.500    -0.15706  
168.000    -0.15789  
168.500    -0.15872  
169.000    -0.15956  
169.500    -0.16039  
170.000    -0.16122  
170.500    -0.16205  
171.000    -0.16289  
171.500    -0.16372  
172.000    -0.16456  
172.500    -0.16539  
173.000    -0.16623  
173.500    -0.16706  
174.000    -0.16790  
174.500    -0.16874  
175.000    -0.16958  
175.500    -0.17042  
176.000    -0.17125  
176.500    -0.17210  
177.000    -0.17294  
177.500    -0.17378  
178.000    -0.17462  
178.500    -0.17546  
179.000    -0.17630  
179.500    -0.17714  
180.000    -0.17799  
180.500    -0.17883  
181.000    -0.17967  
181.500    -0.18052  
182.000    -0.18136  
182.500    -0.18221  
183.000    -0.18305  
183.500    -0.18390  
184.000    -0.18475  
184.500    -0.18559  
185.000    -0.18644  
185.500    -0.18729  
186.000    -0.18814  
186.500    -0.18898  
187.000    -0.18983  
187.500    -0.19068  
188.000    -0.19153  
188.500    -0.19238  
189.000    -0.19323  
189.500    -0.19408  
190.000    -0.19493  
190.500    -0.19578  
191.000    -0.19663  
191.500    -0.19749  
192.000    -0.19834  
192.500    -0.19919  
193.000    -0.20004  
193.500    -0.20089  
194.000    -0.20175  
194.500    -0.20260  
195.000    -0.20345  
195.500    -0.20431  
196.000    -0.20516  
196.500    -0.20601  
197.000    -0.20687  
197.500    -0.20772  
198.000    -0.20858  
198.500    -0.20943  
199.000    -0.21029  
199.500    -0.21114  
200.000    -0.21200  
200.500    -0.21285  
201.000    -0.21371  
201.500    -0.21456  
202.000    -0.21542  
202.500    -0.21628  
203.000    -0.21713  
203.500    -0.21799  
204.000    -0.21885  
204.500    -0.21970  
205.000    -0.22056  
205.500    -0.22142  
206.000    -0.22227  
206.500    -0.22313  
207.000    -0.22399  
207.500    -0.22485  
208.000    -0.22570  
208.500    -0.22656  
209.000    -0.22742  
209.500    -0.22828  
210.000    -0.22914  
210.500    -0.22999  
211.000    -0.23085  
211.500    -0.23171  
212.000    -0.23257  
212.500    -0.23343  
213.000    -0.23428  
213.500    -0.23514  
214.000    -0.23600  
214.500    -0.23686  
215.000    -0.23772  
215.500    -0.23858  
216.000    -0.23944  
216.500    -0.24029  
217.000    -0.24115  
217.500    -0.24201  
218.000    -0.24287  
218.500    -0.24373  
219.000    -0.24459  
219.500    -0.24544  
220.000    -0.24630  
220.500    -0.24716  
221.000    -0.24802  
221.500    -0.24888  
222.000    -0.24974  
222.500    -0.25059  
223.000    -0.25145  
223.500    -0.25231  
224.000    -0.25317  
224.500    -0.25403  
225.000    -0.25488  
225.500    -0.25574  
226.000    -0.25660  
226.500    -0.25746  
227.000    -0.25832  
227.500    -0.25917  
228.000    -0.26003  
228.500    -0.26089  
229.000    -0.26175  
229.500    -0.26260  
230.000    -0.26346  
230.500    -0.26432  
231.000    -0.26518  
231.500    -0.26603  
232.000    -0.26689  
232.500    -0.26775  
233.000    -0.26860  
233.500    -0.26946  
234.000    -0.27032  
234.500    -0.27117  
235.000    -0.27203  
235.500    -0.27288  
236.000    -0.27374  
236.500    -0.27460  
237.000    -0.27545  
237.500    -0.27631  
238.000    -0.27716  
238.500    -0.27802  
239.000    -0.27887  
239.500    -0.27973  
240.000    -0.28058  
240.500    -0.28144  
241.000    -0.28229  
241.500    -0.28314  
242.000    -0.28400  
242.500    -0.28485  
243.000    -0.28570  
243.500    -0.28656  
244.000    -0.28741  
244.500    -0.28826  
245.000    -0.28912  
245.500    -0.28997  
246.000    -0.29082  
246.500    -0.29167  
247.000    -0.29252  
247.500    -0.29338  
248.000    -0.29423  
248.500    -0.29508  
249.000    -0.29593  
249.500    -0.29678  
250.000    -0.29763  
250.500    -0.29848  
251.000    -0.29933  
251.500    -0.30018  
252.000    -0.30103  
252.500    -0.30188  
253.000    -0.30273  
253.500    -0.30358  
254.000    -0.30443  
254.500    -0.30527  
255.000    -0.30612  
255.500    -0.30697  
256.000    -0.30782  
256.500    -0.30866  
257.000    -0.30951  
257.500    -0.31036  
258.000    -0.31120  
258.500    -0.31205  
259.000    -0.31290  
259.500    -0.31374  
260.000    -0.31459  
260.500    -0.31543  
261.000    -0.31628  
261.500    -0.31712  
262.000    -0.31797  
262.500    -0.31881  
263.000    -0.31965  
263.500    -0.32050  
264.000    -0.32134  
264.500    -0.32218  
265.000    -0.32302  
265.500    -0.32387  
266.000    -0.32471  
266.500    -0.32555  
267.000    -0.32639  
267.500    -0.32723  
268.000    -0.32807  
268.500    -0.32891  
269.000    -0.32975  
269.500    -0.33059  
270.000    -0.33143  
270.500    -0.33227  
271.000    -0.33311  
271.500    -0.33394  
272.000    -0.33478  
272.500    -0.33562  
273.000    -0.33646  
273.500    -0.33729  
274.000    -0.33813  
274.500    -0.33896  
275.000    -0.33980  
275.500    -0.34064  
276.000    -0.34147  
276.500    -0.34230  
277.000    -0.34314  
277.500    -0.34397  
278.000    -0.34481  
278.500    -0.34564  
279.000    -0.34647  
279.500    -0.34730  
280.000    -0.34814  
280.500    -0.34897  
281.000    -0.34980  
281.500    -0.35063  
282.000    -0.35146  
282.500    -0.35229  
283.000    -0.35312  
283.500    -0.35395  
284.000    -0.35478  
284.500    -0.35561  
285.000    -0.35644  
285.500    -0.35726  
286.000    -0.35809  
286.500    -0.35892  
287.000    -0.35974  
287.500    -0.36057  
288.000    -0.36140  
288.500    -0.36222  
289.000    -0.36305  
289.500    -0.36387  
290.000    -0.36469  
290.500    -0.36552  
291.000    -0.36634  
291.500    -0.36716  
292.000    -0.36799  
292.500    -0.36881  
293.000    -0.36963  
293.500    -0.37045  
294.000    -0.37127  
294.500    -0.37209  
295.000    -0.37291  
295.500    -0.37373  
296.000    -0.37455  
296.500    -0.37537  
297.000    -0.37619  
297.500    -0.37701  
298.000    -0.37782  
298.500    -0.37864  
299.000    -0.37946  
299.500    -0.38027  
300.000    -0.38109  
300.500    -0.38190  
301.000    -0.38272  
301.500    -0.38353  
302.000    -0.38435  
302.500    -0.38516  
303.000    -0.38597  
303.500    -0.38678  
304.000    -0.38760  
304.500    -0.38841  
305.000    -0.38922  
305.500    -0.39003  
306.000    -0.39084  
306.500    -0.39165  
307.000    -0.39246  
307.500    -0.39327  
308.000    -0.39408  
308.500    -0.39488  
309.000    -0.39569  
309.500    -0.39650  
310.000    -0.39731  
310.500    -0.39811  
311.000    -0.39892  
311.500    -0.39972  
312.000    -0.40053  
312.500    -0.40133  
313.000    -0.40214  
313.500    -0.40294  
314.000    -0.40374  
314.500    -0.40454  
315.000    -0.40535  
315.500    -0.40615  
316.000    -0.40695  
316.500    -0.40775  
317.000    -0.40855  
317.500    -0.40935  
318.000    -0.41015  
318.500    -0.41095  
319.000    -0.41174  
319.500    -0.41254  
320.000    -0.41334  
320.500    -0.41413  
321.000    -0.41493  
321.500    -0.41573  
322.000    -0.41652  
322.500    -0.41732  
323.000    -0.41811  
323.500    -0.41890  
324.000    -0.41970  
324.500    -0.42049  
325.000    -0.42128  
325.500    -0.42207  
326.000    -0.42286  
326.500    -0.42366  
327.000    -0.42445  
327.500    -0.42524  
328.000    -0.42602  
328.500    -0.42681  
329.000    -0.42760  
329.500    -0.42839  
330.000    -0.42918  
330.500    -0.42996  
331.000    -0.43075  
331.500    -0.43154  
332.000    -0.43232  
332.500    -0.43311  
333.000    -0.43389  
333.500    -0.43467  
334.000    -0.43546  
334.500    -0.43624  
335.000    -0.43702  
335.500    -0.43780  
336.000    -0.43858  
336.500    -0.43937  
337.000    -0.44015  
337.500    -0.44093  
338.000    -0.44170  
338.500    -0.44248  
339.000    -0.44326  
339.500    -0.44404  
340.000    -0.44482  
340.500    -0.44559  
341.000    -0.44637  
341.500    -0.44714  
342.000    -0.44792  
342.500    -0.44869  
343.000    -0.44947  
343.500    -0.45024  
344.000    -0.45101  
344.500    -0.45179  
345.000    -0.45256  
345.500    -0.45333  
346.000    -0.45410  
346.500    -0.45487  
347.000    -0.45564  
347.500    -0.45641  
348.000    -0.45718  
348.500    -0.45795  
349.000    -0.45871  
349.500    -0.45948  
350.000    -0.46025  
