#Tlab      phaseshift         pwa93   
  0.000     0.00000
  0.005     0.00000  
  0.010     0.00000  
  0.015     0.00000  
  0.020     0.00000
  0.040    -0.00000  
  0.060     0.00000  
  0.080    -0.00000  
  0.100     0.00000  
  0.120     0.00000  
  0.140     0.00000  
  0.160    -0.00000  
  0.180    -0.00000  
  0.200    -0.00000  
  0.220     0.00000  
  0.240     0.00000  
  0.260    -0.00000  
  0.280    -0.00000  
  0.300     0.00000  
  0.320     0.00000  
  0.340     0.00000  
  0.360    -0.00000  
  0.380    -0.00000  
  0.400     0.00000  
  0.420     0.00000  
  0.440     0.00000  
  0.460    -0.00000  
  0.480    -0.00000  
  0.500     0.00000  
  1.000     0.00000  
  1.500     0.00000  
  2.000     0.00000  
  2.500     0.00000  
  3.000     0.00000  
  3.500     0.00000  
  4.000     0.00000  
  4.500     0.00000  
  5.000     0.00000  
  5.500     0.00000  
  6.000     0.00000  
  6.500     0.00000  
  7.000     0.00000  
  7.500     0.00000  
  8.000     0.00000  
  8.500     0.00000  
  9.000    -0.00000  
  9.500    -0.00000  
 10.000    -0.00000  
 10.500    -0.00000  
 11.000    -0.00000  
 11.500    -0.00000  
 12.000    -0.00000  
 12.500    -0.00000  
 13.000    -0.00001  
 13.500    -0.00001  
 14.000    -0.00001  
 14.500    -0.00001  
 15.000    -0.00001  
 15.500    -0.00001  
 16.000    -0.00002  
 16.500    -0.00002  
 17.000    -0.00002  
 17.500    -0.00003  
 18.000    -0.00003  
 18.500    -0.00003  
 19.000    -0.00004  
 19.500    -0.00004  
 20.000    -0.00005  
 20.500    -0.00006  
 21.000    -0.00006  
 21.500    -0.00007  
 22.000    -0.00008  
 22.500    -0.00009  
 23.000    -0.00010  
 23.500    -0.00011  
 24.000    -0.00012  
 24.500    -0.00013  
 25.000    -0.00014  
 25.500    -0.00016  
 26.000    -0.00017  
 26.500    -0.00019  
 27.000    -0.00020  
 27.500    -0.00022  
 28.000    -0.00024  
 28.500    -0.00026  
 29.000    -0.00028  
 29.500    -0.00030  
 30.000    -0.00033  
 30.500    -0.00035  
 31.000    -0.00038  
 31.500    -0.00040  
 32.000    -0.00043  
 32.500    -0.00046  
 33.000    -0.00049  
 33.500    -0.00052  
 34.000    -0.00055  
 34.500    -0.00059  
 35.000    -0.00062  
 35.500    -0.00066  
 36.000    -0.00070  
 36.500    -0.00074  
 37.000    -0.00078  
 37.500    -0.00083  
 38.000    -0.00087  
 38.500    -0.00092  
 39.000    -0.00097  
 39.500    -0.00101  
 40.000    -0.00106  
 40.500    -0.00112  
 41.000    -0.00117  
 41.500    -0.00123  
 42.000    -0.00129  
 42.500    -0.00135  
 43.000    -0.00141  
 43.500    -0.00147  
 44.000    -0.00153  
 44.500    -0.00160  
 45.000    -0.00167  
 45.500    -0.00174  
 46.000    -0.00181  
 46.500    -0.00189  
 47.000    -0.00196  
 47.500    -0.00204  
 48.000    -0.00212  
 48.500    -0.00220  
 49.000    -0.00228  
 49.500    -0.00237  
 50.000    -0.00246  
 50.500    -0.00254  
 51.000    -0.00263  
 51.500    -0.00273  
 52.000    -0.00282  
 52.500    -0.00292  
 53.000    -0.00302  
 53.500    -0.00312  
 54.000    -0.00322  
 54.500    -0.00333  
 55.000    -0.00343  
 55.500    -0.00354  
 56.000    -0.00365  
 56.500    -0.00376  
 57.000    -0.00388  
 57.500    -0.00400  
 58.000    -0.00411  
 58.500    -0.00424  
 59.000    -0.00436  
 59.500    -0.00448  
 60.000    -0.00461  
 60.500    -0.00474  
 61.000    -0.00487  
 61.500    -0.00501  
 62.000    -0.00514  
 62.500    -0.00528  
 63.000    -0.00542  
 63.500    -0.00556  
 64.000    -0.00570  
 64.500    -0.00585  
 65.000    -0.00600  
 65.500    -0.00615  
 66.000    -0.00630  
 66.500    -0.00645  
 67.000    -0.00661  
 67.500    -0.00677  
 68.000    -0.00693  
 68.500    -0.00709  
 69.000    -0.00726  
 69.500    -0.00743  
 70.000    -0.00760  
 70.500    -0.00777  
 71.000    -0.00794  
 71.500    -0.00812  
 72.000    -0.00829  
 72.500    -0.00847  
 73.000    -0.00865  
 73.500    -0.00884  
 74.000    -0.00902  
 74.500    -0.00921  
 75.000    -0.00940  
 75.500    -0.00960  
 76.000    -0.00979  
 76.500    -0.00999  
 77.000    -0.01018  
 77.500    -0.01039  
 78.000    -0.01059  
 78.500    -0.01079  
 79.000    -0.01100  
 79.500    -0.01121  
 80.000    -0.01142  
 80.500    -0.01164  
 81.000    -0.01185  
 81.500    -0.01207  
 82.000    -0.01229  
 82.500    -0.01251  
 83.000    -0.01273  
 83.500    -0.01296  
 84.000    -0.01319  
 84.500    -0.01342  
 85.000    -0.01365  
 85.500    -0.01388  
 86.000    -0.01412  
 86.500    -0.01436  
 87.000    -0.01460  
 87.500    -0.01484  
 88.000    -0.01509  
 88.500    -0.01533  
 89.000    -0.01558  
 89.500    -0.01583  
 90.000    -0.01608  
 90.500    -0.01634  
 91.000    -0.01659  
 91.500    -0.01685  
 92.000    -0.01711  
 92.500    -0.01738  
 93.000    -0.01764  
 93.500    -0.01791  
 94.000    -0.01818  
 94.500    -0.01845  
 95.000    -0.01872  
 95.500    -0.01899  
 96.000    -0.01927  
 96.500    -0.01955  
 97.000    -0.01983  
 97.500    -0.02011  
 98.000    -0.02040  
 98.500    -0.02068  
 99.000    -0.02097  
 99.500    -0.02126  
100.000    -0.02155  
100.500    -0.02185  
101.000    -0.02214  
101.500    -0.02244  
102.000    -0.02274  
102.500    -0.02304  
103.000    -0.02335  
103.500    -0.02365  
104.000    -0.02396  
104.500    -0.02427  
105.000    -0.02458  
105.500    -0.02489  
106.000    -0.02521  
106.500    -0.02552  
107.000    -0.02584  
107.500    -0.02616  
108.000    -0.02649  
108.500    -0.02681  
109.000    -0.02714  
109.500    -0.02746  
110.000    -0.02779  
110.500    -0.02813  
111.000    -0.02846  
111.500    -0.02879  
112.000    -0.02913  
112.500    -0.02947  
113.000    -0.02981  
113.500    -0.03015  
114.000    -0.03050  
114.500    -0.03084  
115.000    -0.03119  
115.500    -0.03154  
116.000    -0.03189  
116.500    -0.03224  
117.000    -0.03260  
117.500    -0.03296  
118.000    -0.03331  
118.500    -0.03367  
119.000    -0.03404  
119.500    -0.03440  
120.000    -0.03476  
120.500    -0.03513  
121.000    -0.03550  
121.500    -0.03587  
122.000    -0.03624  
122.500    -0.03662  
123.000    -0.03699  
123.500    -0.03737  
124.000    -0.03775  
124.500    -0.03813  
125.000    -0.03851  
125.500    -0.03889  
126.000    -0.03928  
126.500    -0.03966  
127.000    -0.04005  
127.500    -0.04044  
128.000    -0.04084  
128.500    -0.04123  
129.000    -0.04162  
129.500    -0.04202  
130.000    -0.04242  
130.500    -0.04282  
131.000    -0.04322  
131.500    -0.04362  
132.000    -0.04403  
132.500    -0.04444  
133.000    -0.04484  
133.500    -0.04525  
134.000    -0.04566  
134.500    -0.04608  
135.000    -0.04649  
135.500    -0.04691  
136.000    -0.04732  
136.500    -0.04774  
137.000    -0.04816  
137.500    -0.04858  
138.000    -0.04901  
138.500    -0.04943  
139.000    -0.04986  
139.500    -0.05029  
140.000    -0.05072  
140.500    -0.05115  
141.000    -0.05158  
141.500    -0.05201  
142.000    -0.05245  
142.500    -0.05288  
143.000    -0.05332  
143.500    -0.05376  
144.000    -0.05420  
144.500    -0.05464  
145.000    -0.05509  
145.500    -0.05553  
146.000    -0.05598  
146.500    -0.05643  
147.000    -0.05688  
147.500    -0.05733  
148.000    -0.05778  
148.500    -0.05823  
149.000    -0.05869  
149.500    -0.05915  
150.000    -0.05960  
150.500    -0.06006  
151.000    -0.06053  
151.500    -0.06099  
152.000    -0.06145  
152.500    -0.06192  
153.000    -0.06238  
153.500    -0.06285  
154.000    -0.06332  
154.500    -0.06379  
155.000    -0.06426  
155.500    -0.06473  
156.000    -0.06521  
156.500    -0.06568  
157.000    -0.06616  
157.500    -0.06664  
158.000    -0.06712  
158.500    -0.06760  
159.000    -0.06808  
159.500    -0.06856  
160.000    -0.06905  
160.500    -0.06953  
161.000    -0.07002  
161.500    -0.07051  
162.000    -0.07100  
162.500    -0.07149  
163.000    -0.07198  
163.500    -0.07248  
164.000    -0.07297  
164.500    -0.07347  
165.000    -0.07396  
165.500    -0.07446  
166.000    -0.07496  
166.500    -0.07546  
167.000    -0.07596  
167.500    -0.07647  
168.000    -0.07697  
168.500    -0.07748  
169.000    -0.07798  
169.500    -0.07849  
170.000    -0.07900  
170.500    -0.07951  
171.000    -0.08002  
171.500    -0.08054  
172.000    -0.08105  
172.500    -0.08157  
173.000    -0.08208  
173.500    -0.08260  
174.000    -0.08312  
174.500    -0.08364  
175.000    -0.08416  
175.500    -0.08468  
176.000    -0.08520  
176.500    -0.08573  
177.000    -0.08625  
177.500    -0.08678  
178.000    -0.08731  
178.500    -0.08783  
179.000    -0.08836  
179.500    -0.08890  
180.000    -0.08943  
180.500    -0.08996  
181.000    -0.09049  
181.500    -0.09103  
182.000    -0.09156  
182.500    -0.09210  
183.000    -0.09264  
183.500    -0.09318  
184.000    -0.09372  
184.500    -0.09426  
185.000    -0.09480  
185.500    -0.09535  
186.000    -0.09589  
186.500    -0.09644  
187.000    -0.09699  
187.500    -0.09753  
188.000    -0.09808  
188.500    -0.09863  
189.000    -0.09918  
189.500    -0.09974  
190.000    -0.10029  
190.500    -0.10084  
191.000    -0.10140  
191.500    -0.10195  
192.000    -0.10251  
192.500    -0.10307  
193.000    -0.10363  
193.500    -0.10419  
194.000    -0.10475  
194.500    -0.10531  
195.000    -0.10587  
195.500    -0.10643  
196.000    -0.10700  
196.500    -0.10756  
197.000    -0.10813  
197.500    -0.10870  
198.000    -0.10927  
198.500    -0.10983  
199.000    -0.11040  
199.500    -0.11098  
200.000    -0.11155  
200.500    -0.11212  
201.000    -0.11269  
201.500    -0.11327  
202.000    -0.11385  
202.500    -0.11442  
203.000    -0.11500  
203.500    -0.11558  
204.000    -0.11616  
204.500    -0.11674  
205.000    -0.11732  
205.500    -0.11790  
206.000    -0.11848  
206.500    -0.11906  
207.000    -0.11965  
207.500    -0.12023  
208.000    -0.12082  
208.500    -0.12141  
209.000    -0.12200  
209.500    -0.12258  
210.000    -0.12317  
210.500    -0.12376  
211.000    -0.12436  
211.500    -0.12495  
212.000    -0.12554  
212.500    -0.12613  
213.000    -0.12673  
213.500    -0.12732  
214.000    -0.12792  
214.500    -0.12852  
215.000    -0.12912  
215.500    -0.12971  
216.000    -0.13031  
216.500    -0.13091  
217.000    -0.13151  
217.500    -0.13212  
218.000    -0.13272  
218.500    -0.13332  
219.000    -0.13393  
219.500    -0.13453  
220.000    -0.13514  
220.500    -0.13574  
221.000    -0.13635  
221.500    -0.13696  
222.000    -0.13757  
222.500    -0.13818  
223.000    -0.13879  
223.500    -0.13940  
224.000    -0.14001  
224.500    -0.14062  
225.000    -0.14123  
225.500    -0.14185  
226.000    -0.14246  
226.500    -0.14308  
227.000    -0.14369  
227.500    -0.14431  
228.000    -0.14493  
228.500    -0.14555  
229.000    -0.14616  
229.500    -0.14678  
230.000    -0.14740  
230.500    -0.14802  
231.000    -0.14865  
231.500    -0.14927  
232.000    -0.14989  
232.500    -0.15052  
233.000    -0.15114  
233.500    -0.15176  
234.000    -0.15239  
234.500    -0.15302  
235.000    -0.15364  
235.500    -0.15427  
236.000    -0.15490  
236.500    -0.15553  
237.000    -0.15616  
237.500    -0.15679  
238.000    -0.15742  
238.500    -0.15805  
239.000    -0.15868  
239.500    -0.15932  
240.000    -0.15995  
240.500    -0.16058  
241.000    -0.16122  
241.500    -0.16185  
242.000    -0.16249  
242.500    -0.16313  
243.000    -0.16376  
243.500    -0.16440  
244.000    -0.16504  
244.500    -0.16568  
245.000    -0.16632  
245.500    -0.16696  
246.000    -0.16760  
246.500    -0.16824  
247.000    -0.16888  
247.500    -0.16953  
248.000    -0.17017  
248.500    -0.17081  
249.000    -0.17146  
249.500    -0.17210  
250.000    -0.17275  
250.500    -0.17339  
251.000    -0.17404  
251.500    -0.17469  
252.000    -0.17534  
252.500    -0.17598  
253.000    -0.17663  
253.500    -0.17728  
254.000    -0.17793  
254.500    -0.17858  
255.000    -0.17924  
255.500    -0.17989  
256.000    -0.18054  
256.500    -0.18119  
257.000    -0.18185  
257.500    -0.18250  
258.000    -0.18315  
258.500    -0.18381  
259.000    -0.18446  
259.500    -0.18512  
260.000    -0.18578  
260.500    -0.18643  
261.000    -0.18709  
261.500    -0.18775  
262.000    -0.18841  
262.500    -0.18907  
263.000    -0.18973  
263.500    -0.19039  
264.000    -0.19105  
264.500    -0.19171  
265.000    -0.19237  
265.500    -0.19303  
266.000    -0.19369  
266.500    -0.19436  
267.000    -0.19502  
267.500    -0.19568  
268.000    -0.19635  
268.500    -0.19701  
269.000    -0.19768  
269.500    -0.19834  
270.000    -0.19901  
270.500    -0.19968  
271.000    -0.20034  
271.500    -0.20101  
272.000    -0.20168  
272.500    -0.20235  
273.000    -0.20302  
273.500    -0.20369  
274.000    -0.20436  
274.500    -0.20503  
275.000    -0.20570  
275.500    -0.20637  
276.000    -0.20704  
276.500    -0.20771  
277.000    -0.20838  
277.500    -0.20906  
278.000    -0.20973  
278.500    -0.21040  
279.000    -0.21108  
279.500    -0.21175  
280.000    -0.21243  
280.500    -0.21310  
281.000    -0.21378  
281.500    -0.21446  
282.000    -0.21513  
282.500    -0.21581  
283.000    -0.21649  
283.500    -0.21717  
284.000    -0.21784  
284.500    -0.21852  
285.000    -0.21920  
285.500    -0.21988  
286.000    -0.22056  
286.500    -0.22124  
287.000    -0.22192  
287.500    -0.22260  
288.000    -0.22328  
288.500    -0.22397  
289.000    -0.22465  
289.500    -0.22533  
290.000    -0.22601  
290.500    -0.22670  
291.000    -0.22738  
291.500    -0.22806  
292.000    -0.22875  
292.500    -0.22943  
293.000    -0.23012  
293.500    -0.23080  
294.000    -0.23149  
294.500    -0.23218  
295.000    -0.23286  
295.500    -0.23355  
296.000    -0.23424  
296.500    -0.23492  
297.000    -0.23561  
297.500    -0.23630  
298.000    -0.23699  
298.500    -0.23768  
299.000    -0.23837  
299.500    -0.23906  
300.000    -0.23975  
300.500    -0.24044  
301.000    -0.24113  
301.500    -0.24182  
302.000    -0.24251  
302.500    -0.24320  
303.000    -0.24389  
303.500    -0.24458  
304.000    -0.24528  
304.500    -0.24597  
305.000    -0.24666  
305.500    -0.24736  
306.000    -0.24805  
306.500    -0.24874  
307.000    -0.24944  
307.500    -0.25013  
308.000    -0.25083  
308.500    -0.25152  
309.000    -0.25222  
309.500    -0.25291  
310.000    -0.25361  
310.500    -0.25430  
311.000    -0.25500  
311.500    -0.25570  
312.000    -0.25639  
312.500    -0.25709  
313.000    -0.25779  
313.500    -0.25849  
314.000    -0.25919  
314.500    -0.25988  
315.000    -0.26058  
315.500    -0.26128  
316.000    -0.26198  
316.500    -0.26268  
317.000    -0.26338  
317.500    -0.26408  
318.000    -0.26478  
318.500    -0.26548  
319.000    -0.26618  
319.500    -0.26688  
320.000    -0.26758  
320.500    -0.26828  
321.000    -0.26899  
321.500    -0.26969  
322.000    -0.27039  
322.500    -0.27109  
323.000    -0.27180  
323.500    -0.27250  
324.000    -0.27320  
324.500    -0.27390  
325.000    -0.27461  
325.500    -0.27531  
326.000    -0.27602  
326.500    -0.27672  
327.000    -0.27742  
327.500    -0.27813  
328.000    -0.27883  
328.500    -0.27954  
329.000    -0.28024  
329.500    -0.28095  
330.000    -0.28166  
330.500    -0.28236  
331.000    -0.28307  
331.500    -0.28377  
332.000    -0.28448  
332.500    -0.28519  
333.000    -0.28589  
333.500    -0.28660  
334.000    -0.28731  
334.500    -0.28802  
335.000    -0.28872  
335.500    -0.28943  
336.000    -0.29014  
336.500    -0.29085  
337.000    -0.29156  
337.500    -0.29227  
338.000    -0.29297  
338.500    -0.29368  
339.000    -0.29439  
339.500    -0.29510  
340.000    -0.29581  
340.500    -0.29652  
341.000    -0.29723  
341.500    -0.29794  
342.000    -0.29865  
342.500    -0.29936  
343.000    -0.30007  
343.500    -0.30078  
344.000    -0.30149  
344.500    -0.30220  
345.000    -0.30292  
345.500    -0.30363  
346.000    -0.30434  
346.500    -0.30505  
347.000    -0.30576  
347.500    -0.30647  
348.000    -0.30719  
348.500    -0.30790  
349.000    -0.30861  
349.500    -0.30932  
350.000    -0.31004  
