# Tlab     phaseshift     pwa93   
  0.000     0.00000  
  0.005    0.00000
  0.010    0.00000
  0.015    0.00000
  0.020    -0.00002  
  0.040     0.00014  
  0.060    -0.00044  
  0.080     0.00086  
  0.100     0.00604  
  0.120     0.00917  
  0.140     0.01046  
  0.160     0.01190  
  0.180     0.01423  
  0.200     0.01695  
  0.220     0.01961  
  0.240     0.02224  
  0.260     0.02498  
  0.280     0.02788  
  0.300     0.03089  
  0.320     0.03399  
  0.340     0.03717  
  0.360     0.04044  
  0.380     0.04379  
  0.400     0.04723  
  0.420     0.05075  
  0.440     0.05434  
  0.460     0.05801  
  0.480     0.06175  
  0.500     0.06557  
  1.000     0.17980  
  1.500     0.32088  
  2.000     0.48041  
  2.500     0.65337  
  3.000     0.83633  
  3.500     1.02954  
  4.000     1.22276  
  4.500     1.42419  
  5.000     1.62562  
  5.500     1.83076  
  6.000     2.03590  
  6.500     2.24168  
  7.000     2.44747  
  7.500     2.65175  
  8.000     2.85604  
  8.500     3.05729  
  9.000     3.25854  
  9.500     3.45566  
 10.000     3.65277  
 10.500     3.84339  
 11.000     4.03162  
 11.500     4.22259  
 12.000     4.41047  
 12.500     4.58956  
 13.000     4.76584  
 13.500     4.94515  
 14.000     5.12121  
 14.500     5.28783  
 15.000     5.45133  
 15.500     5.61802  
 16.000     5.78146  
 16.500     5.93527  
 17.000     6.08585  
 17.500     6.23963  
 18.000     6.39025  
 18.500     6.53134  
 19.000     6.66921  
 19.500     6.81020  
 20.000     6.94817  
 20.500     7.07690  
 21.000     7.20247  
 21.500     7.33101  
 22.000     7.45676  
 22.500     7.57379  
 23.000     7.68743  
 23.500     7.80343  
 24.000     7.91810  
 24.500     8.02692  
 25.000     8.13178  
 25.500     8.23500  
 26.000     8.33455  
 26.500     8.42873  
 27.000     8.52160  
 27.500     8.61658  
 28.000     8.70865  
 28.500     8.79321  
 29.000     8.87579  
 29.500     8.96142  
 30.000     9.04294  
 30.500     9.11336  
 31.000     9.17850  
 31.500     9.24553  
 32.000     9.31407  
 32.500     9.38227  
 33.000     9.44964  
 33.500     9.51654  
 34.000     9.58521  
 34.500     9.65612  
 35.000     9.72078  
 35.500     9.77202  
 36.000     9.81701  
 36.500     9.86425  
 37.000     9.91325  
 37.500     9.96178  
 38.000    10.00949  
 38.500    10.05685  
 39.000    10.10573  
 39.500    10.15647  
 40.000    10.20197  
 40.500    10.23624  
 41.000    10.26529  
 41.500    10.29621  
 42.000    10.32861  
 42.500    10.36062  
 43.000    10.39193  
 43.500    10.42296  
 44.000    10.45525  
 44.500    10.48910  
 45.000    10.51858  
 45.500    10.53868  
 46.000    10.55442  
 46.500    10.57172  
 47.000    10.59026  
 47.500    10.60847  
 48.000    10.62610  
 48.500    10.64349  
 49.000    10.66194  
 49.500    10.68169  
 50.000    10.69778  
 50.500    10.70606  
 51.000    10.71069  
 51.500    10.71663  
 52.000    10.72360  
 52.500    10.73029  
 53.000    10.73651  
 53.500    10.74252  
 54.000    10.74942  
 54.500    10.75740  
 55.000    10.76233  
 55.500    10.76072  
 56.000    10.75608  
 56.500    10.75252  
 57.000    10.74983  
 57.500    10.74690  
 58.000    10.74358  
 58.500    10.74009  
 59.000    10.73733  
 59.500    10.73548  
 60.000    10.73108  
 60.500    10.72122  
 61.000    10.70881  
 61.500    10.69731  
 62.000    10.68653  
 62.500    10.67557  
 63.000    10.66426  
 63.500    10.65282  
 64.000    10.64199  
 64.500    10.63192  
 65.000    10.61971  
 65.500    10.60293  
 66.000    10.58402  
 66.500    10.56586  
 67.000    10.54832  
 67.500    10.53061  
 68.000    10.51262  
 68.500    10.49451  
 69.000    10.47691  
 69.500    10.45996  
 70.000    10.44121  
 70.500    10.41863  
 71.000    10.39425  
 71.500    10.37051  
 72.000    10.34728  
 72.500    10.32392  
 73.000    10.30032  
 73.500    10.27662  
 74.000    10.25335  
 74.500    10.23062  
 75.000    10.20638  
 75.500    10.17892  
 76.000    10.14995  
 76.500    10.12152  
 77.000    10.09352  
 77.500    10.06540  
 78.000    10.03708  
 78.500    10.00869  
 79.000     9.98065  
 79.500     9.95307  
 80.000     9.92422  
 80.500     9.89265  
 81.000     9.85982  
 81.500     9.82745  
 82.000     9.79543  
 82.500     9.76331  
 83.000     9.73103  
 83.500     9.69868  
 84.000     9.66664  
 84.500     9.63497  
 85.000     9.60224  
 85.500     9.56723  
 86.000     9.53115  
 86.500     9.49545  
 87.000     9.46005  
 87.500     9.42457  
 88.000     9.38895  
 88.500     9.35328  
 89.000     9.31786  
 89.500     9.28276  
 90.000     9.24676  
 90.500     9.20884  
 91.000     9.17003  
 91.500     9.13153  
 92.000     9.09329  
 92.500     9.05498  
 93.000     9.01655  
 93.500     8.97808  
 94.000     8.93982  
 94.500     8.90183  
 95.000     8.86308  
 95.500     8.82272  
 96.000     8.78160  
 96.500     8.74075  
 97.000     8.70012  
 97.500     8.65942  
 98.000     8.61863  
 98.500     8.57781  
 99.000     8.53715  
 99.500     8.49671  
100.000     8.45567  
100.500     8.41325  
101.000     8.36972  
101.500     8.32560  
102.000     8.28138  
102.500     8.23749  
103.000     8.19390  
103.500     8.15048  
104.000     8.10709  
104.500     8.06364  
105.000     8.02010  
105.500     7.97648  
106.000     7.93280  
106.500     7.88908  
107.000     7.84540  
107.500     7.80184  
108.000     7.75852  
108.500     7.71543  
109.000     7.67227  
109.500     7.62867  
110.000     7.58423  
110.500     7.53870  
111.000     7.49233  
111.500     7.44552  
112.000     7.39865  
112.500     7.35202  
113.000     7.30561  
113.500     7.25933  
114.000     7.21307  
114.500     7.16677  
115.000     7.12040  
115.500     7.07397  
116.000     7.02750  
116.500     6.98100  
117.000     6.93453  
117.500     6.88815  
118.000     6.84192  
118.500     6.79586  
119.000     6.74976  
119.500     6.70334  
120.000     6.65635  
120.500     6.60860  
121.000     6.56027  
121.500     6.51163  
122.000     6.46295  
122.500     6.41444  
123.000     6.36608  
123.500     6.31781  
124.000     6.26955  
124.500     6.22126  
125.000     6.17293  
125.500     6.12456  
126.000     6.07616  
126.500     6.02774  
127.000     5.97933  
127.500     5.93099  
128.000     5.88276  
128.500     5.83464  
129.000     5.78648  
129.500     5.73812  
130.000     5.68936  
130.500     5.64010  
131.000     5.59044  
131.500     5.54057  
132.000     5.49067  
132.500     5.44089  
133.000     5.39121  
133.500     5.34159  
134.000     5.29198  
134.500     5.24235  
135.000     5.19269  
135.500     5.14300  
136.000     5.09329  
136.500     5.04357  
137.000     4.99387  
137.500     4.94420  
138.000     4.89460  
138.500     4.84508  
139.000     4.79553  
139.500     4.74585  
140.000     4.69592  
140.500     4.64565  
141.000     4.59512  
141.500     4.54446  
142.000     4.49378  
142.500     4.44318  
143.000     4.39264  
143.500     4.34214  
144.000     4.29165  
144.500     4.24114  
145.000     4.19061  
145.500     4.14007  
146.000     4.08952  
146.500     4.03896  
147.000     3.98840  
147.500     3.93787  
148.000     3.88738  
148.500     3.83694  
149.000     3.78648  
149.500     3.73594  
150.000     3.68525  
150.500     3.63436  
151.000     3.58331  
151.500     3.53217  
152.000     3.48103  
152.500     3.42993  
153.000     3.37887  
153.500     3.32784  
154.000     3.27681  
154.500     3.22577  
155.000     3.17471  
155.500     3.12365  
156.000     3.07259  
156.500     3.02152  
157.000     2.97045  
157.500     2.91938  
158.000     2.86832  
158.500     2.81728  
159.000     2.76625  
159.500     2.71523  
160.000     2.66414  
160.500     2.61292  
161.000     2.56159  
161.500     2.51021  
162.000     2.45882  
162.500     2.40746  
163.000     2.35613  
163.500     2.30481  
164.000     2.25350  
164.500     2.20217  
165.000     2.15084  
165.500     2.09951  
166.000     2.04817  
166.500     1.99684  
167.000     1.94550  
167.500     1.89417  
168.000     1.84285  
168.500     1.79154  
169.000     1.74022  
169.500     1.68889  
170.000     1.63753  
170.500     1.58613  
171.000     1.53470  
171.500     1.48326  
172.000     1.43181  
172.500     1.38038  
173.000     1.32895  
173.500     1.27753  
174.000     1.22610  
174.500     1.17467  
175.000     1.12325  
175.500     1.07182  
176.000     1.02039  
176.500     0.96896  
177.000     0.91753  
177.500     0.86611  
178.000     0.81468  
178.500     0.76324  
179.000     0.71181  
179.500     0.66038  
180.000     0.60896  
180.500     0.55756  
181.000     0.50616  
181.500     0.45476  
182.000     0.40337  
182.500     0.35197  
183.000     0.30057  
183.500     0.24917  
184.000     0.19777  
184.500     0.14637  
185.000     0.09497  
185.500     0.04358  
186.000    -0.00782  
186.500    -0.05921  
187.000    -0.11061  
187.500    -0.16201  
188.000    -0.21341  
188.500    -0.26483  
189.000    -0.31625  
189.500    -0.36765  
190.000    -0.41901  
190.500    -0.47033  
191.000    -0.52161  
191.500    -0.57287  
192.000    -0.62413  
192.500    -0.67541  
193.000    -0.72669  
193.500    -0.77797  
194.000    -0.82926  
194.500    -0.88055  
195.000    -0.93183  
195.500    -0.98311  
196.000    -1.03439  
196.500    -1.08566  
197.000    -1.13694  
197.500    -1.18822  
198.000    -1.23951  
198.500    -1.29081  
199.000    -1.34211  
199.500    -1.39339  
200.000    -1.44463  
200.500    -1.49584  
201.000    -1.54700  
201.500    -1.59813  
202.000    -1.64924  
202.500    -1.70032  
203.000    -1.75139  
203.500    -1.80246  
204.000    -1.85353  
204.500    -1.90460  
205.000    -1.95569  
205.500    -2.00681  
206.000    -2.05793  
206.500    -2.10907  
207.000    -2.16021  
207.500    -2.21135  
208.000    -2.26248  
208.500    -2.31359  
209.000    -2.36467  
209.500    -2.41573  
210.000    -2.46675  
210.500    -2.51773  
211.000    -2.56868  
211.500    -2.61959  
212.000    -2.67048  
212.500    -2.72136  
213.000    -2.77222  
213.500    -2.82308  
214.000    -2.87394  
214.500    -2.92481  
215.000    -2.97570  
215.500    -3.02661  
216.000    -3.07753  
216.500    -3.12846  
217.000    -3.17939  
217.500    -3.23032  
218.000    -3.28124  
218.500    -3.33214  
219.000    -3.38301  
219.500    -3.43385  
220.000    -3.48465  
220.500    -3.53541  
221.000    -3.58613  
221.500    -3.63681  
222.000    -3.68748  
222.500    -3.73812  
223.000    -3.78875  
223.500    -3.83938  
224.000    -3.89001  
224.500    -3.94065  
225.000    -3.99131  
225.500    -4.04198  
226.000    -4.09268  
226.500    -4.14338  
227.000    -4.19408  
227.500    -4.24478  
228.000    -4.29547  
228.500    -4.34614  
229.000    -4.39678  
229.500    -4.44739  
230.000    -4.49796  
230.500    -4.54849  
231.000    -4.59898  
231.500    -4.64943  
232.000    -4.69986  
232.500    -4.75027  
233.000    -4.80067  
233.500    -4.85106  
234.000    -4.90145  
234.500    -4.95186  
235.000    -5.00228  
235.500    -5.05272  
236.000    -5.10318  
236.500    -5.15364  
237.000    -5.20411  
237.500    -5.25458  
238.000    -5.30503  
238.500    -5.35546  
239.000    -5.40587  
239.500    -5.45625  
240.000    -5.50659  
240.500    -5.55689  
241.000    -5.60714  
241.500    -5.65737  
242.000    -5.70757  
242.500    -5.75775  
243.000    -5.80792  
243.500    -5.85808  
244.000    -5.90825  
244.500    -5.95842  
245.000    -6.00861  
245.500    -6.05882  
246.000    -6.10905  
246.500    -6.15928  
247.000    -6.20952  
247.500    -6.25975  
248.000    -6.30998  
248.500    -6.36018  
249.000    -6.41037  
249.500    -6.46052  
250.000    -6.51063  
250.500    -6.56071  
251.000    -6.61075  
251.500    -6.66075  
252.000    -6.71074  
252.500    -6.76070  
253.000    -6.81066  
253.500    -6.86060  
254.000    -6.91056  
254.500    -6.96051  
255.000    -7.01049  
255.500    -7.06048  
256.000    -7.11049  
256.500    -7.16050  
257.000    -7.21052  
257.500    -7.26053  
258.000    -7.31054  
258.500    -7.36053  
259.000    -7.41049  
259.500    -7.46043  
260.000    -7.51034  
260.500    -7.56021  
261.000    -7.61004  
261.500    -7.65985  
262.000    -7.70963  
262.500    -7.75940  
263.000    -7.80916  
263.500    -7.85891  
264.000    -7.90866  
264.500    -7.95843  
265.000    -8.00820  
265.500    -8.05799  
266.000    -8.10780  
266.500    -8.15761  
267.000    -8.20742  
267.500    -8.25723  
268.000    -8.30704  
268.500    -8.35683  
269.000    -8.40660  
269.500    -8.45634  
270.000    -8.50606  
270.500    -8.55574  
271.000    -8.60540  
271.500    -8.65502  
272.000    -8.70463  
272.500    -8.75422  
273.000    -8.80381  
273.500    -8.85339  
274.000    -8.90297  
274.500    -8.95255  
275.000    -9.00215  
275.500    -9.05176  
276.000    -9.10139  
276.500    -9.15102  
277.000    -9.20065  
277.500    -9.25028  
278.000    -9.29991  
278.500    -9.34952  
279.000    -9.39912  
279.500    -9.44869  
280.000    -9.49824  
280.500    -9.54776  
281.000    -9.59726  
281.500    -9.64673  
282.000    -9.69619  
282.500    -9.74563  
283.000    -9.79507  
283.500    -9.84450  
284.000    -9.89393  
284.500    -9.94337  
285.000    -9.99281  
285.500   -10.04227  
286.000   -10.09174  
286.500   -10.14122  
287.000   -10.19069  
287.500   -10.24017  
288.000   -10.28964  
288.500   -10.33910  
289.000   -10.38855  
289.500   -10.43798  
290.000   -10.48738  
290.500   -10.53677  
291.000   -10.58613  
291.500   -10.63548  
292.000   -10.68481  
292.500   -10.73413  
293.000   -10.78345  
293.500   -10.83276  
294.000   -10.88207  
294.500   -10.93138  
295.000   -10.98071  
295.500   -11.03004  
296.000   -11.07938  
296.500   -11.12872  
297.000   -11.17807  
297.500   -11.22742  
298.000   -11.27676  
298.500   -11.32609  
299.000   -11.37542  
299.500   -11.42473  
300.000   -11.47402  
300.500   -11.52330  
301.000   -11.57256  
301.500   -11.62181  
302.000   -11.67104  
302.500   -11.72027  
303.000   -11.76949  
303.500   -11.81871  
304.000   -11.86793  
304.500   -11.91715  
305.000   -11.96637  
305.500   -12.01561  
306.000   -12.06485  
306.500   -12.11409  
307.000   -12.16334  
307.500   -12.21258  
308.000   -12.26183  
308.500   -12.31106  
309.000   -12.36029  
309.500   -12.40952  
310.000   -12.45872  
310.500   -12.50792  
311.000   -12.55711  
311.500   -12.60628  
312.000   -12.65545  
312.500   -12.70461  
313.000   -12.75377  
313.500   -12.80292  
314.000   -12.85208  
314.500   -12.90123  
315.000   -12.95039  
315.500   -12.99956  
316.000   -13.04873  
316.500   -13.09790  
317.000   -13.14707  
317.500   -13.19624  
318.000   -13.24541  
318.500   -13.29458  
319.000   -13.34375  
319.500   -13.39291  
320.000   -13.44206  
320.500   -13.49121  
321.000   -13.54034  
321.500   -13.58948  
322.000   -13.63861  
322.500   -13.68773  
323.000   -13.73685  
323.500   -13.78597  
324.000   -13.83509  
324.500   -13.88421  
325.000   -13.93333  
325.500   -13.98246  
326.000   -14.03158  
326.500   -14.08071  
327.000   -14.12984  
327.500   -14.17897  
328.000   -14.22810  
328.500   -14.27723  
329.000   -14.32636  
329.500   -14.37548  
330.000   -14.42461  
330.500   -14.47373  
331.000   -14.52285  
331.500   -14.57197  
332.000   -14.62109  
332.500   -14.67021  
333.000   -14.71932  
333.500   -14.76844  
334.000   -14.81755  
334.500   -14.86666  
335.000   -14.91578  
335.500   -14.96489  
336.000   -15.01400  
336.500   -15.06311  
337.000   -15.11223  
337.500   -15.16134  
338.000   -15.21046  
338.500   -15.25957  
339.000   -15.30869  
339.500   -15.35782  
340.000   -15.40694  
340.500   -15.45607  
341.000   -15.50520  
341.500   -15.55434  
342.000   -15.60347  
342.500   -15.65261  
343.000   -15.70175  
343.500   -15.75089  
344.000   -15.80002  
344.500   -15.84915  
345.000   -15.89828  
345.500   -15.94741  
346.000   -15.99654  
346.500   -16.04567  
347.000   -16.09479  
347.500   -16.14392  
348.000   -16.19305  
348.500   -16.24218  
349.000   -16.29132  
349.500   -16.34047  
350.000   -16.38963  
